0[[1.2219998836517334, 0.0, 50.0], [0.0, 0.0, 0.76923], 3, 0.769231]
1[[1.1754492143658062, 0.0, 45.0], [0.0, 0.0, 0.69231], 4, 0.792307]
2[[1.1785241032964209, 0.0, 40.0], [0.0, 0.0, 0.61538], 5, 0.8153859999999999]
3[[0.8950206539071627, 0.0, 35.0], [0.0, 0.0, 0.53846], 6, 0.838462]
4[[1.3271228465924818, 0.0, 30.0], [0.0, 0.0, 0.46154], 7, 0.861538]
5[[1.06556885521753, 2.989000082015991, 25.0], [0.0, 0.09963, 0.38462], 8, 0.824836]
6[[1.1788015729715273, 6.955000162124634, 20.0], [0.0, 0.23183, 0.30769], 9, 0.768595]
7[[1.2999837097357214, 13.53600001335144, 15.0], [0.0, 0.4512, 0.23077], 10, 0.6600490000000001]
8[[9.664693491338879, 13.484999895095825, 10.0], [0.27374, 0.4495, 0.15385], 11, 0.656771]
9[[10.621259930831872, 17.003000020980835, 5.0], [0.3079, 0.56677, 0.07692], 12, 0.606072]
10[[10.538842333185071, 23.91099977493286, 0.0], [0.30496, 0.79703, 0.0], 13, 0.491286]
11[[1.2199997901916504, 0.0, 50.0], [0.0, 0.0, 0.76923], 3, 0.769231]
12[[1.1988995024629734, 0.0, 45.0], [0.0, 0.0, 0.69231], 4, 0.792307]
13[[1.137428038326697, 0.0, 40.0], [0.0, 0.0, 0.61538], 5, 0.8153859999999999]
14[[0.8863309358781659, 0.0, 35.0], [0.0, 0.0, 0.53846], 6, 0.838462]
15[[1.0701054108010148, 0.0, 30.0], [0.0, 0.0, 0.46154], 7, 0.861538]
16[[1.0676621587378254, 3.7070000171661377, 25.0], [0.0, 0.12357, 0.38462], 8, 0.810472]
17[[1.1654670415467732, 7.055999994277954, 20.0], [0.0, 0.2352, 0.30769], 9, 0.766573]
18[[1.1374858786986408, 12.984999895095825, 15.0], [0.0, 0.43283, 0.23077], 10, 0.671071]
19[[9.726588161434114, 13.446000099182129, 10.0], [0.27595, 0.4482, 0.15385], 11, 0.65733]
20[[10.631581927108979, 16.88599991798401, 5.0], [0.30827, 0.56287, 0.07692], 12, 0.6083750000000001]
21[[10.19146184137736, 23.670000076293945, 0.0], [0.29255, 0.789, 0.0], 13, 0.49734500000000004]
22[[1.25, 0.0, 50.0], [0.0, 0.0, 0.76923], 3, 0.769231]
23[[1.1529759536598305, 0.0, 45.0], [0.0, 0.0, 0.69231], 4, 0.792307]
24[[1.084400827133644, 0.0, 40.0], [0.0, 0.0, 0.61538], 5, 0.8153859999999999]
25[[0.7003754450220974, 0.0, 35.0], [0.0, 0.0, 0.53846], 6, 0.838462]
26[[1.2106241353710023, 0.0, 30.0], [0.0, 0.0, 0.46154], 7, 0.861538]
27[[1.207923976088782, 2.9769999980926514, 25.0], [0.0, 0.09923, 0.38462], 8, 0.825076]
28[[0.6894123155945128, 8.062999963760376, 20.0], [0.0, 0.26877, 0.30769], 9, 0.7464310000000001]
29[[1.2799495778940224, 13.527999877929688, 15.0], [0.0, 0.45093, 0.23077], 10, 0.6602110000000001]
30[[9.666514229183354, 13.551999807357788, 10.0], [0.2738, 0.45173, 0.15385], 11, 0.655427]
31[[10.621259930831872, 16.91600012779236, 5.0], [0.3079, 0.56387, 0.07692], 12, 0.607812]
32[[10.201247084121219, 23.861000061035156, 0.0], [0.2929, 0.79537, 0.0], 13, 0.49348800000000004]
