0[[1.178999900817871, 0.0, 50.0], [0.0, 0.0, 0.76923], 3, 0.769231]
1[[1.3239680939118101, 0.0, 45.0], [0.0, 0.0, 0.69231], 4, 0.792307]
2[[1.175872316048713, 0.0, 40.0], [0.0, 0.0, 0.61538], 5, 0.8153859999999999]
3[[0.8898069059594769, 0.0, 35.0], [0.0, 0.0, 0.53846], 6, 0.838462]
4[[0.9548079150053803, 0.0, 30.0], [0.0, 0.0, 0.46154], 7, 0.861538]
5[[1.0634750525786076, 0.0, 25.0], [0.0, 0.0, 0.38462], 8, 0.884614]
6[[1.162800262432977, 0.0, 20.0], [0.0, 0.0, 0.30769], 9, 0.907693]
7[[1.3311475610097834, 0.0, 15.0], [0.0, 0.0, 0.23077], 10, 0.930769]
8[[4.4709903961012545, 0.0, 10.0], [0.08825, 0.0, 0.15385], 11, 0.94502]
9[[5.468899276169596, 0.0, 5.0], [0.12389, 0.0, 0.07692], 12, 0.964535]
10[[5.301223059696722, 0.0, 0.0], [0.1179, 0.0, 0.0], 13, 0.98821]
11[[1.176999807357788, 0.0, 50.0], [0.0, 0.0, 0.76923], 3, 0.769231]
12[[1.3112658059928513, 0.0, 45.0], [0.0, 0.0, 0.69231], 4, 0.792307]
13[[1.2792749511871109, 0.0, 40.0], [0.0, 0.0, 0.61538], 5, 0.8153859999999999]
14[[1.317330922881222, 0.0, 35.0], [0.0, 0.0, 0.53846], 6, 0.838462]
15[[1.1373620208659558, 0.0, 30.0], [0.0, 0.0, 0.46154], 7, 0.861538]
16[[0.8101673583522953, 0.0, 25.0], [0.0, 0.0, 0.38462], 8, 0.884614]
17[[1.182802377497995, 0.0, 20.0], [0.0, 0.0, 0.30769], 9, 0.907693]
18[[1.2821754156365874, 0.0, 15.0], [0.0, 0.0, 0.23077], 10, 0.930769]
19[[4.4764513075575625, 0.0, 10.0], [0.08844, 0.0, 0.15385], 11, 0.945001]
20[[5.458577690048902, 0.0, 5.0], [0.12352, 0.0, 0.07692], 12, 0.964572]
21[[5.31834796356526, 0.0, 0.0], [0.11851, 0.0, 0.0], 13, 0.9881489999999999]
22[[1.1630001068115234, 0.0, 50.0], [0.0, 0.0, 0.76923], 3, 0.769231]
23[[0.9858921559309846, 0.0, 45.0], [0.0, 0.0, 0.69231], 4, 0.792307]
24[[1.0247457281474521, 0.0, 40.0], [0.0, 0.0, 0.61538], 5, 0.8153859999999999]
25[[0.8984966239884737, 0.0, 35.0], [0.0, 0.0, 0.53846], 6, 0.838462]
26[[1.195011198280612, 0.0, 30.0], [0.0, 0.0, 0.46154], 7, 0.861538]
27[[1.084410084256069, 0.0, 25.0], [0.0, 0.0, 0.38462], 8, 0.884614]
