0[[2.427000045776367, 0.0, 50.0], [0.01525, 0.0, 0.76923], 3, 0.767706]
1[[1.9847670347528694, 0.0, 45.0], [0.0, 0.0, 0.69231], 4, 0.792307]
2[[2.1785816077419335, 0.0, 40.0], [0.00638, 0.0, 0.61538], 5, 0.814748]
3[[1.743654824282367, 0.0, 35.0], [0.0, 0.0, 0.53846], 6, 0.838462]
4[[2.3716836551824096, 0.0, 30.0], [0.01327, 0.0, 0.46154], 7, 0.8602110000000001]
5[[2.259528567762984, 0.0, 25.0], [0.00927, 0.0, 0.38462], 8, 0.883687]
6[[2.1100867390701854, 5.734999895095825, 20.0], [0.00393, 0.19117, 0.30769], 9, 0.792598]
7[[2.175389495115079, 11.791999816894531, 15.0], [0.00626, 0.39307, 0.23077], 10, 0.6943010000000001]
8[[9.518339655115664, 10.858999967575073, 10.0], [0.26851, 0.36197, 0.15385], 11, 0.709812]
9[[9.083891093940013, 17.42199993133545, 5.0], [0.253, 0.58073, 0.07692], 12, 0.603186]
10[[9.641854689841951, 23.337000131607056, 0.0], [0.27292, 0.7779, 0.0], 13, 0.505968]
11[[2.0390000343322754, 0.0, 50.0], [0.00139, 0.0, 0.76923], 3, 0.769092]
12[[2.390672681530041, 0.0, 45.0], [0.01395, 0.0, 0.69231], 4, 0.7909120000000001]
13[[2.0423361740484918, 0.0, 40.0], [0.00151, 0.0, 0.61538], 5, 0.8152349999999999]
14[[2.233894867390784, 0.0, 35.0], [0.00835, 0.0, 0.53846], 6, 0.837627]
15[[2.305435431380988, 0.0, 30.0], [0.01091, 0.0, 0.46154], 7, 0.860447]
16[[2.0988691310013854, 0.8900001049041748, 25.0], [0.00353, 0.02967, 0.38462], 8, 0.866459]
17[[2.3787192568417352, 5.383999824523926, 20.0], [0.01353, 0.17947, 0.30769], 9, 0.798658]
18[[2.453767109429367, 11.424999952316284, 15.0], [0.01621, 0.38083, 0.23077], 10, 0.70065]
19[[9.777080004185668, 11.381999969482422, 10.0], [0.27775, 0.3794, 0.15385], 11, 0.69843]
20[[9.296927942532118, 17.05900001525879, 5.0], [0.2606, 0.56863, 0.07692], 12, 0.6096860000000001]
21[[9.648786337898997, 23.307000160217285, 0.0], [0.27317, 0.7769, 0.0], 13, 0.506543]
22[[2.2290000915527344, 0.0, 50.0], [0.00818, 0.0, 0.76923], 3, 0.768413]
23[[2.370326549626851, 0.0, 45.0], [0.01323, 0.0, 0.69231], 4, 0.790984]
24[[2.0382889233318227, 0.0, 40.0], [0.00137, 0.0, 0.61538], 5, 0.815249]
25[[1.8844681626705964, 0.0, 35.0], [0.0, 0.0, 0.53846], 6, 0.838462]
26[[2.477680468651123, 0.0, 30.0], [0.01706, 0.0, 0.46154], 7, 0.8598319999999999]
27[[2.0906302988523513, 1.0439999103546143, 25.0], [0.00324, 0.0348, 0.38462], 8, 0.86341]
28[[2.3745432624901075, 5.50600004196167, 20.0], [0.01338, 0.18353, 0.30769], 9, 0.796237]
29[[2.2764139358134465, 11.990999937057495, 15.0], [0.00987, 0.3997, 0.23077], 10, 0.689962]
30[[10.610186591340566, 11.00600004196167, 10.0], [0.30751, 0.36687, 0.15385], 11, 0.7029719999999999]
31[[9.07536983129081, 18.418999910354614, 5.0], [0.25269, 0.61397, 0.07692], 12, 0.583273]
32[[9.634923041784907, 24.16600012779236, 0.0], [0.27268, 0.80553, 0.0], 13, 0.489414]
