0[[2.240999937057495, 0.0, 50.0], [0.00861, 0.0, 0.76923], 3, 0.76837]
1[[2.2828381339341295, 0.0, 45.0], [0.0101, 0.0, 0.69231], 4, 0.791297]
2[[2.0221012069402624, 0.0, 40.0], [0.00079, 0.0, 0.61538], 5, 0.815307]
3[[1.98182076300958, 0.0, 35.0], [0.0, 0.0, 0.53846], 6, 0.838462]
4[[2.42347763752084, 0.0, 30.0], [0.01512, 0.0, 0.46154], 7, 0.860026]
5[[1.9588075112308505, 0.0, 25.0], [0.0, 0.0, 0.38462], 8, 0.884614]
6[[2.3494899511764946, 0.0, 20.0], [0.01248, 0.0, 0.30769], 9, 0.906445]
7[[2.58622118581315, 1.0219998359680176, 15.0], [0.02094, 0.03407, 0.23077], 10, 0.908233]
8[[5.864779641394337, 0.0, 10.0], [0.13803, 0.0, 0.15385], 11, 0.940042]
9[[6.012752212955335, 0.0, 5.0], [0.14331, 0.0, 0.07692], 12, 0.962593]
10[[5.402026742730598, 0.7150001525878906, 0.0], [0.1215, 0.02383, 0.0], 13, 0.973552]
11[[2.3589999675750732, 0.0, 50.0], [0.01282, 0.0, 0.76923], 3, 0.767949]
12[[2.234007514384483, 0.0, 45.0], [0.00836, 0.0, 0.69231], 4, 0.791471]
13[[2.016705408682669, 0.0, 40.0], [0.0006, 0.0, 0.61538], 5, 0.815326]
14[[2.197387383215997, 0.0, 35.0], [0.00705, 0.0, 0.53846], 6, 0.837757]
15[[2.29339003870985, 0.0, 30.0], [0.01048, 0.0, 0.46154], 7, 0.86049]
16[[2.3110221280826715, 0.0, 25.0], [0.01111, 0.0, 0.38462], 8, 0.883503]
17[[2.104518967834361, 0.0, 20.0], [0.00373, 0.0, 0.30769], 9, 0.90732]
18[[2.1327341484414104, 1.136000156402588, 15.0], [0.00474, 0.03787, 0.23077], 10, 0.907573]
19[[6.097830014767744, 0.0, 10.0], [0.14635, 0.0, 0.15385], 11, 0.93921]
20[[5.893451285182166, 1.1649999618530273, 5.0], [0.13905, 0.03883, 0.07692], 12, 0.939721]
21[[5.649253503560371, 0.3619999885559082, 0.0], [0.13033, 0.01207, 0.0], 13, 0.979725]
22[[2.177999973297119, 0.0, 50.0], [0.00636, 0.0, 0.76923], 3, 0.768595]
23[[2.084463226605515, 0.0, 45.0], [0.00302, 0.0, 0.69231], 4, 0.7920050000000001]
24[[2.0436850432081957, 0.0, 40.0], [0.00156, 0.0, 0.61538], 5, 0.81523]
25[[1.9157602919632706, 0.0, 35.0], [0.0, 0.0, 0.53846], 6, 0.838462]
26[[2.4282956222825147, 0.0, 30.0], [0.0153, 0.0, 0.46154], 7, 0.860008]
27[[2.1132877011109272, 0.0, 25.0], [0.00405, 0.0, 0.38462], 8, 0.884209]
28[[2.1128702928385783, 0.0, 20.0], [0.00403, 0.0, 0.30769], 9, 0.90729]
29[[2.2786587568635936, 0.0, 15.0], [0.00995, 0.0, 0.23077], 10, 0.929774]
30[[6.095994672748172, 0.0, 10.0], [0.14629, 0.0, 0.15385], 11, 0.939216]
31[[6.0178647267435315, 0.0, 5.0], [0.1435, 0.0, 0.07692], 12, 0.962574]
32[[5.646943137832703, 0.6889998912811279, 0.0], [0.13025, 0.02297, 0.0], 13, 0.973193]
