0[[2.9860000610351562, 0.0, 50.0], [0.03521, 0.0, 0.76923], 3, 0.76571]
1[[2.2319728041761544, 0.0, 45.0], [0.00828, 0.0, 0.69231], 4, 0.791479]
2[[2.140810376701219, 0.0, 40.0], [0.00503, 0.0, 0.61538], 5, 0.814883]
3[[2.200864424629495, 0.0, 35.0], [0.00717, 0.0, 0.53846], 6, 0.837745]
4[[2.1175314410739663, 0.0, 30.0], [0.0042, 0.0, 0.46154], 7, 0.861118]
5[[2.904225900076891, 0.0, 25.0], [0.03229, 0.0, 0.38462], 8, 0.881385]
6[[2.45805618068276, 0.0, 20.0], [0.01636, 0.0, 0.30769], 9, 0.906057]
7[[2.0092604267498944, 0.0, 15.0], [0.00033, 0.0, 0.23077], 10, 0.930736]
8[[5.158290215745087, 0.0, 10.0], [0.1128, 0.0, 0.15385], 11, 0.942565]
9[[4.828267448557179, 0.0, 5.0], [0.10101, 0.0, 0.07692], 12, 0.966823]
10[[4.313765710011175, 0.0, 0.0], [0.08263, 0.0, 0.0], 13, 0.991737]
11[[2.2160000801086426, 0.0, 50.0], [0.00771, 0.0, 0.76923], 3, 0.76846]
12[[2.0508920847107492, 0.0, 45.0], [0.00182, 0.0, 0.69231], 4, 0.792125]
13[[2.3552963324142757, 0.0, 40.0], [0.01269, 0.0, 0.61538], 5, 0.814117]
14[[2.2182488027444465, 0.0, 35.0], [0.00779, 0.0, 0.53846], 6, 0.837683]
15[[2.136803667298633, 0.0, 30.0], [0.00489, 0.0, 0.46154], 7, 0.861049]
16[[1.9670463433798844, 0.0, 25.0], [0.0, 0.0, 0.38462], 8, 0.884614]
17[[2.2047345360354482, 0.0, 20.0], [0.00731, 0.0, 0.30769], 9, 0.906962]
18[[1.9688509716180507, 0.0, 15.0], [0.0, 0.0, 0.23077], 10, 0.930769]
19[[4.835323833665991, 0.0, 10.0], [0.10126, 0.0, 0.15385], 11, 0.943719]
20[[4.611821851104068, 0.0, 5.0], [0.09328, 0.0, 0.07692], 12, 0.967596]
21[[4.299902413897086, 0.0, 0.0], [0.08214, 0.0, 0.0], 13, 0.991786]
22[[2.13700008392334, 0.0, 50.0], [0.00489, 0.0, 0.76923], 3, 0.768742]
23[[2.1902630639930982, 0.0, 45.0], [0.0068, 0.0, 0.69231], 4, 0.7916270000000001]
24[[2.3229212212499344, 0.0, 40.0], [0.01153, 0.0, 0.61538], 5, 0.814233]
25[[2.0565736303515, 0.0, 35.0], [0.00202, 0.0, 0.53846], 6, 0.83826]
26[[2.12837212217121, 0.0, 30.0], [0.00458, 0.0, 0.46154], 7, 0.8610800000000001]
27[[1.8166858151138177, 0.0, 25.0], [0.0, 0.0, 0.38462], 8, 0.884614]
28[[2.4051650087385834, 0.0, 20.0], [0.01447, 0.0, 0.30769], 9, 0.906246]
29[[1.9980357862533196, 0.5720000267028809, 15.0], [0.0, 0.01907, 0.23077], 10, 0.919327]
30[[4.607779048844263, 0.0, 10.0], [0.09313, 0.0, 0.15385], 11, 0.944532]
31[[4.623751862614276, 0.0, 5.0], [0.09371, 0.0, 0.07692], 12, 0.967553]
32[[4.228275567598973, 0.0, 0.0], [0.07958, 0.0, 0.0], 13, 0.992042]
