0[[0.6460001468658447, 0.0, 50.0], [0.0, 0.0, 0.76923], 3, 0.769231]
1[[0.5698712370734939, 0.0, 45.0], [0.0, 0.0, 0.69231], 4, 0.792307]
2[[0.5358455160677864, 0.0, 40.0], [0.0, 0.0, 0.61538], 5, 0.8153859999999999]
3[[0.5419685557283419, 0.0, 35.0], [0.0, 0.0, 0.53846], 6, 0.838462]
4[[0.6657103921738139, 1.2079999446868896, 30.0], [0.0, 0.04027, 0.46154], 7, 0.837376]
5[[0.6515589569353463, 5.776000022888184, 25.0], [0.0, 0.19253, 0.38462], 8, 0.769096]
6[[0.6744496990680935, 11.194999933242798, 20.0], [0.0, 0.37317, 0.30769], 9, 0.683791]
7[[0.36440114989268607, 15.91700005531311, 15.0], [0.0, 0.53057, 0.23077], 10, 0.612427]
8[[10.737385476293522, 13.532000064849854, 10.0], [0.31205, 0.45107, 0.15385], 11, 0.6519980000000001]
9[[10.309150127458215, 18.865000009536743, 5.0], [0.29676, 0.62883, 0.07692], 12, 0.5699500000000001]
10[[10.58109291971235, 28.21399998664856, 0.0], [0.30647, 0.94047, 0.0], 13, 0.40507100000000007]
0[[0.6699998378753662, 0.0, 50.0], [0.0, 0.0, 0.76923], 3, 0.769231]
1[[0.6214122165291129, 0.0, 45.0], [0.0, 0.0, 0.69231], 4, 0.792307]
2[[0.6775854909437811, 0.0, 40.0], [0.0, 0.0, 0.61538], 5, 0.8153859999999999]
3[[0.44419081964148077, 0.0, 35.0], [0.0, 0.0, 0.53846], 6, 0.838462]
4[[0.6302774213387327, 1.2990000247955322, 30.0], [0.0, 0.0433, 0.46154], 7, 0.835558]
5[[0.5154124995473833, 5.79200005531311, 25.0], [0.0, 0.19307, 0.38462], 8, 0.768772]
6[[0.6560159777454491, 11.14300012588501, 20.0], [0.0, 0.37143, 0.30769], 9, 0.6848350000000001]
7[[0.4476925812477831, 15.73200011253357, 15.0], [0.0, 0.5244, 0.23077], 10, 0.616129]
8[[10.728403911739958, 13.486999988555908, 10.0], [0.31173, 0.44957, 0.15385], 11, 0.65293]
9[[10.307740577117782, 18.838000059127808, 5.0], [0.29671, 0.62793, 0.07692], 12, 0.570495]
10[[10.577106637043594, 28.496999979019165, 0.0], [0.30633, 0.9499, 0.0], 13, 0.399427]
11[[0.3559999465942383, 0.0, 50.0], [0.0, 0.0, 0.76923], 3, 0.769231]
12[[0.4891555364750791, 0.0, 45.0], [0.0, 0.0, 0.69231], 4, 0.792307]
13[[0.5946158165634716, 0.0, 40.0], [0.0, 0.0, 0.61538], 5, 0.8153859999999999]
14[[0.36038099853772637, 0.0, 35.0], [0.0, 0.0, 0.53846], 6, 0.838462]
15[[0.5465266699116756, 1.004000186920166, 30.0], [0.0, 0.03347, 0.46154], 7, 0.841456]
16[[0.4327518329965415, 6.755000114440918, 25.0], [0.0, 0.22517, 0.38462], 8, 0.749512]
17[[0.5551739257382141, 11.062000036239624, 20.0], [0.0, 0.36873, 0.30769], 9, 0.686455]
18[[0.6194816238461812, 15.755000114440918, 15.0], [0.0, 0.52517, 0.23077], 10, 0.615667]
19[[10.734391502478061, 13.44700002670288, 10.0], [0.31194, 0.44823, 0.15385], 11, 0.653713]
20[[10.321834064478733, 18.625999927520752, 5.0], [0.29721, 0.62087, 0.07692], 12, 0.574681]
21[[10.575113733299077, 27.93500018119812, 0.0], [0.30625, 0.93117, 0.0], 13, 0.41067299999999995]
22[[0.5120000839233398, 0.0, 50.0], [0.0, 0.0, 0.76923], 3, 0.769231]
23[[0.5017975060240053, 0.0, 45.0], [0.0, 0.0, 0.69231], 4, 0.792307]
24[[0.5923109965416947, 0.0, 40.0], [0.0, 0.0, 0.61538], 5, 0.8153859999999999]
25[[0.022349263425714357, 0.0, 35.0], [0.0, 0.0, 0.53846], 6, 0.838462]
26[[0.644236135906288, 1.2349998950958252, 30.0], [0.0, 0.04117, 0.46154], 7, 0.836836]
27[[0.019449659524271756, 6.7179999351501465, 25.0], [0.0, 0.22393, 0.38462], 8, 0.750256]
28[[0.5627641599190852, 11.349999904632568, 20.0], [0.0, 0.37833, 0.30769], 9, 0.680695]
29[[0.532719543803692, 15.667999982833862, 15.0], [0.0, 0.52227, 0.23077], 10, 0.617407]
30[[10.73289469401674, 13.440999984741211, 10.0], [0.31189, 0.44803, 0.15385], 11, 0.6538379999999999]
31[[10.307740913125013, 18.62399983406067, 5.0], [0.29671, 0.6208, 0.07692], 12, 0.574773]
32[[10.579100015967832, 29.866999864578247, 0.0], [0.3064, 0.99557, 0.0], 13, 0.37201800000000007]
