0[[0.5520000457763672, 0.0, 50.0], [0.0, 0.0, 0.76923], 3, 0.769231]
1[[0.6865682667935727, 0.0, 45.0], [0.0, 0.0, 0.69231], 4, 0.792307]
2[[0.5923109965416947, 0.0, 40.0], [0.0, 0.0, 0.61538], 5, 0.8153859999999999]
3[[0.5503495711416475, 0.0, 35.0], [0.0, 0.0, 0.53846], 6, 0.838462]
4[[0.5486742235366178, 0.0, 30.0], [0.0, 0.0, 0.46154], 7, 0.861538]
5[[0.6337303599896393, 0.0, 25.0], [0.0, 0.0, 0.38462], 8, 0.884614]
6[[0.5562581710432064, 1.7750000953674316, 20.0], [0.0, 0.05917, 0.30769], 9, 0.8721909999999999]
7[[0.5136320103086137, 6.686000108718872, 15.0], [0.0, 0.22287, 0.23077], 10, 0.7970470000000001]
8[[6.489134707669012, 8.764000177383423, 10.0], [0.16033, 0.29213, 0.15385], 11, 0.762534]
9[[7.2791198983509435, 10.759999990463257, 5.0], [0.18854, 0.35867, 0.07692], 12, 0.7428680000000001]
10[[6.600975707820537, 13.700000047683716, 0.0], [0.16432, 0.45667, 0.0], 13, 0.7095659999999999]
11[[0.625999927520752, 0.0, 50.0], [0.0, 0.0, 0.76923], 3, 0.769231]
12[[0.5251370974531314, 0.0, 45.0], [0.0, 0.0, 0.69231], 4, 0.792307]
13[[0.5900061765199178, 0.0, 40.0], [0.0, 0.0, 0.61538], 5, 0.8153859999999999]
14[[0.36317478135192893, 0.0, 35.0], [0.0, 0.0, 0.53846], 6, 0.838462]
15[[0.5465269259080549, 0.0, 30.0], [0.0, 0.0, 0.46154], 7, 0.861538]
16[[0.42140632708315406, 0.0, 25.0], [0.0, 0.0, 0.38462], 8, 0.884614]
17[[0.5540896804332218, 2.5139999389648438, 20.0], [0.0, 0.0838, 0.30769], 9, 0.857413]
18[[0.45463387862256743, 6.729000091552734, 15.0], [0.0, 0.2243, 0.23077], 10, 0.796189]
19[[6.442730433332689, 8.571000099182129, 10.0], [0.15867, 0.2857, 0.15385], 11, 0.7665580000000001]
20[[7.288984734690591, 10.73200011253357, 5.0], [0.18889, 0.35773, 0.07692], 12, 0.7433970000000001]
21[[6.593003617662747, 13.962000131607056, 0.0], [0.16404, 0.4654, 0.0], 13, 0.704356]
22[[0.5199999809265137, 0.0, 50.0], [0.0, 0.0, 0.76923], 3, 0.769231]
23[[0.49207298540371985, 0.0, 45.0], [0.0, 0.0, 0.69231], 4, 0.792307]
24[[0.6660616655780149, 0.0, 40.0], [0.0, 0.0, 0.61538], 5, 0.8153859999999999]
25[[0.36736528905858173, 0.0, 35.0], [0.0, 0.0, 0.53846], 6, 0.838462]
26[[0.6614155409203087, 0.0, 30.0], [0.0, 0.0, 0.46154], 7, 0.861538]
27[[0.019449659524271756, 0.0, 25.0], [0.0, 0.0, 0.38462], 8, 0.884614]
28[[0.6722806914121838, 2.13100004196167, 20.0], [0.0, 0.07103, 0.30769], 9, 0.865075]
29[[0.4251343990653128, 7.138999938964844, 15.0], [0.0, 0.23797, 0.23077], 10, 0.787987]
30[[6.454705971701711, 8.842999935150146, 10.0], [0.1591, 0.29477, 0.15385], 11, 0.761073]
31[[7.288984734690591, 11.761000156402588, 5.0], [0.18889, 0.39203, 0.07692], 12, 0.722817]
32[[6.596989425151783, 13.86899995803833, 0.0], [0.16418, 0.4623, 0.0], 13, 0.706202]
