1[[3.3840249915030567, 0.0, 90.0], [0.04943, 0.0, 0.78261], 4, 0.760274]
2[[3.2736528890400454, 0.20999979972839355, 80.0], [0.04549, 0.0035, 0.69565], 5, 0.784656]
3[[3.24314641113275, 0.12400007247924805, 70.0], [0.0444, 0.00207, 0.6087], 6, 0.811708]
4[[3.313283812395539, 14.045000076293945, 60.0], [0.0469, 0.23408, 0.52174], 7, 0.69834]
5[[3.3111758265093703, 32.40899991989136, 50.0], [0.04683, 0.54015, 0.43478], 8, 0.5407930000000001]
6[[3.3328502900907964, 42.31399989128113, 40.0], [0.0476, 0.70523, 0.34783], 9, 0.467753]
7[[3.0260232599874413, 49.748000144958496, 30.0], [0.03664, 0.82913, 0.26087], 10, 0.420597]
8[[26.80040192494922, 28.657000064849854, 20.0], [0.88573, 0.47762, 0.17391], 11, 0.5726819999999999]
9[[26.72411201182294, 39.94700002670288, 10.0], [0.883, 0.66578, 0.08696], 12, 0.486144]
10[[26.34453471657349, 60.86800003051758, 0.0], [0.86945, 1.01447, 0.0], 13, 0.304373]
11[[2.992000102996826, 0.0, 100.0], [0.03543, 0.0, 0.86957], 3, 0.7355860000000001]
12[[3.275427992003703, 0.0, 90.0], [0.04555, 0.0, 0.78261], 4, 0.760662]
13[[3.141225962941212, 0.26399993896484375, 80.0], [0.04076, 0.0044, 0.69565], 5, 0.784589]
14[[3.1751271431560633, 1.2050001621246338, 70.0], [0.04197, 0.02008, 0.6087], 6, 0.801145]
15[[2.996755369071531, 19.204999923706055, 60.0], [0.0356, 0.32008, 0.52174], 7, 0.6478700000000001]
16[[3.221655495426318, 34.53200006484985, 50.0], [0.04363, 0.57553, 0.43478], 8, 0.519885]
17[[3.2977097884757636, 41.651999950408936, 40.0], [0.04635, 0.6942, 0.34783], 9, 0.47449600000000003]
18[[3.0605949252064812, 48.43300008773804, 30.0], [0.03788, 0.80722, 0.26087], 10, 0.433619]
19[[26.79306173855836, 28.789000034332275, 20.0], [0.88547, 0.47982, 0.17391], 11, 0.571388]
20[[26.723196774810788, 39.76200008392334, 10.0], [0.88297, 0.6627, 0.08696], 12, 0.48799500000000007]
21[[26.336462379716632, 61.176000118255615, 0.0], [0.86916, 1.0196, 0.0], 13, 0.30132400000000004]
22[[3.244999885559082, 0.0, 100.0], [0.04446, 0.0, 0.86957], 3, 0.734683]
23[[4.195583701523298, 0.0, 90.0], [0.07841, 0.0, 0.78261], 4, 0.757376]
24[[3.3889926779135595, 0.1359999179840088, 80.0], [0.04961, 0.00227, 0.69565], 5, 0.7849820000000001]
25[[3.339733213795005, 0.04700016975402832, 70.0], [0.04785, 0.00078, 0.6087], 6, 0.812137]
26[[3.308150881234935, 15.815999984741211, 60.0], [0.04672, 0.2636, 0.52174], 7, 0.680646]
27[[3.1946916766005, 32.37400007247925, 50.0], [0.04267, 0.53957, 0.43478], 8, 0.5415570000000001]
28[[3.328457531026461, 41.74900007247925, 40.0], [0.04744, 0.69582, 0.34783], 9, 0.47341500000000003]
29[[3.0900824293186067, 48.19700002670288, 30.0], [0.03893, 0.80328, 0.26087], 10, 0.4358780000000001]
30[[26.801319366216486, 28.72000002861023, 20.0], [0.88576, 0.47867, 0.17391], 11, 0.572049]
31[[26.741502824405803, 40.07099986076355, 10.0], [0.88363, 0.66785, 0.08696], 12, 0.484839]
32[[26.32659659413875, 61.08299994468689, 0.0], [0.86881, 1.01805, 0.0], 13, 0.30228900000000014]
