0[[3.2219998836517334, 0.0, 100.0], [0.04364, 0.0, 0.86957], 3, 0.7347650000000001]
1[[3.231055147203525, 0.0, 90.0], [0.04397, 0.0, 0.78261], 4, 0.76082]
2[[2.991711220626488, 0.0, 80.0], [0.03542, 0.0, 0.69565], 5, 0.787763]
3[[3.410473044913219, 0.0, 70.0], [0.05037, 0.0, 0.6087], 6, 0.812353]
4[[3.312428391856416, 0.0, 60.0], [0.04687, 0.0, 0.52174], 7, 0.8387910000000001]
5[[3.2345980358892557, 0.0, 50.0], [0.04409, 0.0, 0.43478], 8, 0.865157]
6[[3.378971903916842, 0.0, 40.0], [0.04925, 0.0, 0.34783], 9, 0.890726]
7[[3.4235958342364583, 0.3639998435974121, 30.0], [0.05084, 0.00607, 0.26087], 10, 0.913013]
8[[8.697055993795399, 0.7900002002716064, 20.0], [0.23918, 0.01317, 0.17391], 11, 0.916007]
9[[8.694466613182257, 0.9279999732971191, 10.0], [0.23909, 0.01547, 0.08696], 12, 0.940721]
10[[8.518720833452205, 1.1080000400543213, 0.0], [0.23281, 0.01847, 0.0], 13, 0.965637]
11[[2.986999988555908, 0.0, 100.0], [0.03525, 0.0, 0.86957], 3, 0.735604]
12[[3.0418858390644172, 0.0, 90.0], [0.03721, 0.0, 0.78261], 4, 0.761496]
13[[3.3291868488867267, 0.0, 80.0], [0.04747, 0.0, 0.69565], 5, 0.786558]
14[[3.4322391717449703, 0.0, 70.0], [0.05115, 0.0, 0.6087], 6, 0.812275]
15[[3.2859085194772057, 0.0, 60.0], [0.04593, 0.0, 0.52174], 7, 0.838885]
16[[3.3467682627923, 0.0, 50.0], [0.0481, 0.0, 0.43478], 8, 0.864756]
17[[3.1055356120840796, 0.0, 40.0], [0.03948, 0.0, 0.34783], 9, 0.891703]
18[[3.0707630049941645, 0.9639999866485596, 30.0], [0.03824, 0.01607, 0.26087], 10, 0.908273]
19[[8.718158892949807, 0.15899991989135742, 20.0], [0.23993, 0.00265, 0.17391], 11, 0.922244]
20[[8.689890209896165, 0.8179998397827148, 10.0], [0.23892, 0.01363, 0.08696], 12, 0.941842]
21[[8.518721047288945, 1.2179999351501465, 0.0], [0.23281, 0.0203, 0.0], 13, 0.964539]
22[[3.0269999504089355, 0.0, 100.0], [0.03668, 0.0, 0.86957], 3, 0.735461]
23[[2.997512715860364, 0.0, 90.0], [0.03563, 0.0, 0.78261], 4, 0.761654]
24[[2.862132320479517, 0.0, 80.0], [0.03079, 0.0, 0.69565], 5, 0.788226]
25[[3.3995898193273897, 0.0, 70.0], [0.04999, 0.0, 0.6087], 6, 0.812391]
26[[3.2628105332174204, 0.0, 60.0], [0.0451, 0.0, 0.52174], 7, 0.8389679999999999]
27[[3.2798978275292394, 0.0, 50.0], [0.04571, 0.0, 0.43478], 8, 0.864995]
28[[3.2603731691451716, 0.0, 40.0], [0.04501, 0.0, 0.34783], 9, 0.89115]
29[[3.4073268580909355, 0.5669999122619629, 30.0], [0.05026, 0.00945, 0.26087], 10, 0.911043]
30[[8.921845510594054, 0.6310000419616699, 20.0], [0.24721, 0.01052, 0.17391], 11, 0.916794]
31[[8.7493847619673, 0.9890000820159912, 10.0], [0.24105, 0.01648, 0.08696], 12, 0.939919]
32[[8.501679756133083, 0.5380001068115234, 0.0], [0.2322, 0.00897, 0.0], 13, 0.971398]
