0[[3.181999921798706, 0.0, 100.0], [0.04221, 0.0, 0.86957], 3, 0.7349080000000001]
1[[3.2800987738136365, 0.0, 90.0], [0.04572, 0.0, 0.78261], 4, 0.760645]
2[[3.2651091506797427, 0.0, 80.0], [0.04518, 0.0, 0.69565], 5, 0.786787]
3[[3.3778240168355462, 0.0, 70.0], [0.04921, 0.0, 0.6087], 6, 0.812469]
4[[3.297029598374604, 0.0, 60.0], [0.04632, 0.0, 0.52174], 7, 0.838846]
5[[3.2194982767749183, 0.0, 50.0], [0.04355, 0.0, 0.43478], 8, 0.865211]
6[[3.3064947829712175, 0.0, 40.0], [0.04666, 0.0, 0.34783], 9, 0.890985]
7[[3.7926973971981295, 0.0, 30.0], [0.06402, 0.0, 0.26087], 10, 0.915337]
8[[6.795979874944923, 0.0, 20.0], [0.17128, 0.0, 0.17391], 11, 0.9306989999999999]
9[[6.657001285584112, 0.0, 10.0], [0.16632, 0.0, 0.08696], 12, 0.95728]
10[[6.640620135314905, 0.0, 0.0], [0.16574, 0.0, 0.0], 13, 0.983426]
11[[3.0379998683929443, 0.0, 100.0], [0.03707, 0.0, 0.86957], 3, 0.735422]
12[[3.1084452454666214, 0.0, 90.0], [0.03959, 0.0, 0.78261], 4, 0.761258]
13[[3.2451739875025605, 0.0, 80.0], [0.04447, 0.0, 0.69565], 5, 0.7868580000000001]
14[[3.315246523821727, 0.0, 70.0], [0.04697, 0.0, 0.6087], 6, 0.812693]
15[[3.2422788085750045, 0.0, 60.0], [0.04437, 0.0, 0.52174], 7, 0.839041]
16[[3.2389124731920544, 0.0, 50.0], [0.04425, 0.0, 0.43478], 8, 0.8651409999999999]
17[[2.9704646853626717, 0.0, 40.0], [0.03466, 0.0, 0.34783], 9, 0.892185]
18[[3.0565277417766366, 0.0, 30.0], [0.03773, 0.0, 0.26087], 10, 0.9179660000000001]
19[[6.634498618107699, 0.0, 20.0], [0.16552, 0.0, 0.17391], 11, 0.931275]
20[[6.657001285584112, 0.0, 10.0], [0.16632, 0.0, 0.08696], 12, 0.95728]
21[[6.730309678304912, 0.0, 0.0], [0.16894, 0.0, 0.0], 13, 0.983106]
22[[3.365000009536743, 0.0, 100.0], [0.04875, 0.0, 0.86957], 3, 0.734254]
23[[2.981165118727535, 0.0, 90.0], [0.03504, 0.0, 0.78261], 4, 0.761713]
24[[2.8592842945276544, 0.0, 80.0], [0.03069, 0.0, 0.69565], 5, 0.788236]
25[[2.8962493120753123, 0.0, 70.0], [0.03201, 0.0, 0.6087], 6, 0.814189]
26[[3.111389879831334, 0.0, 60.0], [0.03969, 0.0, 0.52174], 7, 0.8395090000000001]
27[[3.2367555116891413, 0.0, 50.0], [0.04417, 0.0, 0.43478], 8, 0.865149]
28[[2.9924271716013062, 0.0, 40.0], [0.03544, 0.0, 0.34783], 9, 0.892107]
29[[3.0473763972398777, 0.0, 30.0], [0.03741, 0.0, 0.26087], 10, 0.917998]
30[[6.75836237672695, 0.0, 20.0], [0.16994, 0.0, 0.17391], 11, 0.930833]
31[[6.772329441677772, 0.0, 10.0], [0.17044, 0.0, 0.08696], 12, 0.956868]
32[[6.79578306607129, 0.0, 0.0], [0.17128, 0.0, 0.0], 13, 0.982872]
