0[[3.0399999618530273, 0.0, 100.0], [0.03714, 0.0, 0.86957], 3, 0.735415]
1[[3.0010158718187827, 0.0, 90.0], [0.03575, 0.0, 0.78261], 4, 0.761642]
2[[2.857860451299366, 0.0, 80.0], [0.03064, 0.0, 0.69565], 5, 0.788241]
3[[3.259470763001633, 0.0, 70.0], [0.04498, 0.0, 0.6087], 6, 0.812892]
4[[2.993333482952106, 0.0, 60.0], [0.03548, 0.0, 0.52174], 7, 0.8399300000000001]
5[[3.0070223969772836, 0.0, 50.0], [0.03597, 0.0, 0.43478], 8, 0.865969]
6[[3.156049723157852, 0.0, 40.0], [0.04129, 0.0, 0.34783], 9, 0.891522]
7[[3.0473763972398777, 0.0, 30.0], [0.03741, 0.0, 0.26087], 10, 0.917998]
8[[5.7243308182040415, 0.0, 20.0], [0.13301, 0.0, 0.17391], 11, 0.934526]
9[[5.747189791455639, 0.0, 10.0], [0.13383, 0.0, 0.08696], 12, 0.960529]
10[[5.770630712964886, 0.0, 0.0], [0.13467, 0.0, 0.0], 13, 0.986533]
11[[3.3329999446868896, 0.0, 100.0], [0.04761, 0.0, 0.86957], 3, 0.734368]
12[[3.2941113976473106, 0.0, 90.0], [0.04622, 0.0, 0.78261], 4, 0.760595]
13[[2.847892869710775, 0.0, 80.0], [0.03028, 0.0, 0.69565], 5, 0.788277]
14[[3.2091367771444066, 0.0, 70.0], [0.04318, 0.0, 0.6087], 6, 0.813072]
15[[3.0018883002321353, 0.0, 60.0], [0.03578, 0.0, 0.52174], 7, 0.8399]
16[[3.2119486543662363, 0.0, 50.0], [0.04328, 0.0, 0.43478], 8, 0.865238]
17[[3.277943419952688, 0.0, 40.0], [0.04564, 0.0, 0.34783], 9, 0.891087]
18[[4.284832895289074, 0.0, 30.0], [0.0816, 0.0, 0.26087], 10, 0.913579]
19[[5.7995664708926835, 0.0, 20.0], [0.1357, 0.0, 0.17391], 11, 0.934257]
20[[5.766411078062807, 0.0, 10.0], [0.13451, 0.0, 0.08696], 12, 0.960461]
