0[[1.7719998359680176, 0.0, 100.0], [0.0, 0.0, 0.86957], 3, 0.739129]
1[[1.6326318549394008, 0.0, 90.0], [0.0, 0.0, 0.78261], 4, 0.765217]
2[[1.5207271574170043, 0.0, 80.0], [0.0, 0.0, 0.69565], 5, 0.791305]
3[[1.781995724201128, 0.0, 70.0], [0.0, 0.0, 0.6087], 6, 0.8173900000000001]
4[[1.6908704192057669, 0.0, 60.0], [0.0, 0.0, 0.52174], 7, 0.843478]
5[[1.7452890811150856, 0.0, 50.0], [0.0, 0.0, 0.43478], 8, 0.8695660000000001]
6[[1.8000321801680845, 0.0, 40.0], [0.0, 0.0, 0.34783], 9, 0.895651]
7[[1.5588863128163521, 5.110000133514404, 30.0], [0.0, 0.08517, 0.26087], 10, 0.870637]
8[[9.575933538410924, 4.537999868392944, 20.0], [0.27057, 0.07563, 0.17391], 11, 0.875392]
9[[9.362359093687136, 3.9600000381469727, 10.0], [0.26294, 0.066, 0.08696], 12, 0.908018]
10[[9.704611377110515, 3.2829999923706055, 0.0], [0.27516, 0.05472, 0.0], 13, 0.939652]
11[[1.8310000896453857, 0.0, 100.0], [0.0, 0.0, 0.86957], 3, 0.739129]
12[[1.8290991685728777, 0.0, 90.0], [0.0, 0.0, 0.78261], 4, 0.765217]
13[[1.2341720335479784, 0.0, 80.0], [0.0, 0.0, 0.69565], 5, 0.791305]
14[[1.825492773734565, 0.0, 70.0], [0.0, 0.0, 0.6087], 6, 0.8173900000000001]
15[[1.7799502498766633, 0.0, 60.0], [0.0, 0.0, 0.52174], 7, 0.843478]
16[[1.4052697653720165, 0.0, 50.0], [0.0, 0.0, 0.43478], 8, 0.8695660000000001]
17[[1.4823791391070307, 0.0, 40.0], [0.0, 0.0, 0.34783], 9, 0.895651]
18[[1.7821515416329103, 5.0299999713897705, 30.0], [0.0, 0.08383, 0.26087], 10, 0.871441]
19[[9.5869076307507, 4.821000099182129, 20.0], [0.27096, 0.08035, 0.17391], 11, 0.872521]
20[[9.378682360651998, 4.296000003814697, 10.0], [0.26352, 0.0716, 0.08696], 12, 0.9046]
21[[9.681265987908125, 2.759999990463257, 0.0], [0.27433, 0.046, 0.0], 13, 0.944967]
22[[1.7660000324249268, 0.0, 100.0], [0.0, 0.0, 0.86957], 3, 0.739129]
23[[1.5820789660818517, 0.0, 90.0], [0.0, 0.0, 0.78261], 4, 0.765217]
24[[1.6469815355278807, 0.0, 80.0], [0.0, 0.0, 0.69565], 5, 0.791305]
25[[1.769367321908918, 0.0, 70.0], [0.0, 0.0, 0.6087], 6, 0.8173900000000001]
26[[1.8393369347580364, 0.0, 60.0], [0.0, 0.0, 0.52174], 7, 0.843478]
27[[1.7130087955555302, 0.0, 50.0], [0.0, 0.0, 0.43478], 8, 0.8695660000000001]
28[[1.7875080597450543, 0.0, 40.0], [0.0, 0.0, 0.34783], 9, 0.895651]
29[[1.8406966239973226, 4.937000036239624, 30.0], [0.0, 0.08228, 0.26087], 10, 0.872371]
30[[9.44515713921154, 4.618000030517578, 20.0], [0.2659, 0.07697, 0.17391], 11, 0.875055]
31[[9.390471470875266, 3.942999839782715, 10.0], [0.26395, 0.06572, 0.08696], 12, 0.908085]
32[[9.796262149378695, 2.86899995803833, 0.0], [0.27844, 0.04782, 0.0], 13, 0.943464]
