0[[1.0950000286102295, 0.0, 100.0], [0.0, 0.0, 0.86957], 3, 0.739129]
1[[1.123893732399684, 9.153000116348267, 90.0], [0.0, 0.15255, 0.78261], 4, 0.673687]
2[[0.6859410915858551, 9.769000053405762, 80.0], [0.0, 0.16282, 0.69565], 5, 0.693613]
3[[0.8991160704154408, 32.09100008010864, 70.0], [0.0, 0.53485, 0.6087], 6, 0.49648000000000003]
4[[0.8836101151940685, 36.53999996185303, 60.0], [0.0, 0.609, 0.52174], 7, 0.478078]
5[[1.072550684934462, 51.30200004577637, 50.0], [0.0, 0.85503, 0.43478], 8, 0.3565480000000001]
6[[0.5814219880974634, 60.07200002670288, 40.0], [0.0, 1.0012, 0.34783], 9, 0.29493099999999994]
7[[1.0027518685162817, 68.70799994468689, 30.0], [0.0, 1.14513, 0.26087], 10, 0.234661]
8[[34.91138265204057, 40.42899990081787, 20.0], [1.0, 0.67382, 0.17391], 11, 0.443535]
9[[34.56915735974645, 55.00800013542175, 10.0], [1.0, 0.9168, 0.08696], 12, 0.3238320000000001]
10[[34.947687493565034, 55.65499997138977, 0.0], [1.0, 0.92758, 0.0], 13, 0.3434520000000001]
11[[1.1069998741149902, 0.0, 100.0], [0.0, 0.0, 0.86957], 3, 0.739129]
12[[1.1015012582955264, 9.227999925613403, 90.0], [0.0, 0.1538, 0.78261], 4, 0.672937]
13[[0.6926005473488694, 9.76200008392334, 80.0], [0.0, 0.1627, 0.69565], 5, 0.693685]
14[[0.7758393418496161, 33.246999979019165, 70.0], [0.0, 0.55412, 0.6087], 6, 0.48491800000000007]
15[[1.25842189132542, 33.42400002479553, 60.0], [0.0, 0.55707, 0.52174], 7, 0.509236]
16[[0.8918777286836848, 50.95700001716614, 50.0], [0.0, 0.84928, 0.43478], 8, 0.35999800000000004]
17[[0.9482847242608485, 61.35800004005432, 40.0], [0.0, 1.02263, 0.34783], 9, 0.282073]
18[[0.9929209770361982, 68.75099992752075, 30.0], [0.0, 1.14585, 0.26087], 10, 0.23422900000000002]
19[[34.909555298294634, 40.42899990081787, 20.0], [1.0, 0.67382, 0.17391], 11, 0.443535]
20[[34.55897151662102, 52.84299993515015, 10.0], [1.0, 0.88072, 0.08696], 12, 0.3454800000000001]
21[[34.953623826623456, 55.66799998283386, 0.0], [1.0, 0.9278, 0.0], 13, 0.34332000000000007]
22[[1.0699999332427979, 0.0, 100.0], [0.0, 0.0, 0.86957], 3, 0.739129]
23[[0.8946365419446789, 9.433000087738037, 90.0], [0.0, 0.15722, 0.78261], 4, 0.670885]
24[[1.1228119959922924, 9.435999870300293, 80.0], [0.0, 0.15727, 0.69565], 5, 0.6969430000000001]
25[[0.7945987606820525, 32.223999977111816, 70.0], [0.0, 0.53707, 0.6087], 6, 0.4951479999999999]
26[[0.8906158530251452, 36.53099989891052, 60.0], [0.0, 0.60885, 0.52174], 7, 0.47816800000000004]
27[[1.0652402444033766, 52.05200004577637, 50.0], [0.0, 0.86753, 0.43478], 8, 0.349048]
28[[0.9694071884766191, 59.81100010871887, 40.0], [0.0, 0.99685, 0.34783], 9, 0.29754099999999994]
29[[0.8641363689631869, 68.79499983787537, 30.0], [0.0, 1.14658, 0.26087], 10, 0.23379100000000008]
30[[34.89767640967935, 40.27900004386902, 20.0], [1.0, 0.67132, 0.17391], 11, 0.44503499999999996]
31[[34.58952904599732, 52.907999992370605, 10.0], [1.0, 0.8818, 0.08696], 12, 0.344832]
32[[34.95447204751586, 55.66599988937378, 0.0], [1.0, 0.92777, 0.0], 13, 0.34333800000000003]
