0[[0.9010000228881836, 0.0, 100.0], [0.0, 0.0, 0.86957], 3, 0.739129]
1[[1.0599150170488199, 0.0, 90.0], [0.0, 0.0, 0.78261], 4, 0.765217]
2[[0.6886047468688727, 0.0, 80.0], [0.0, 0.0, 0.69565], 5, 0.791305]
3[[0.9982735918356176, 0.0, 70.0], [0.0, 0.0, 0.6087], 6, 0.8173900000000001]
4[[0.9457867170121972, 0.0, 60.0], [0.0, 0.0, 0.52174], 7, 0.843478]
5[[1.053752444853558, 0.0, 50.0], [0.0, 0.0, 0.43478], 8, 0.8695660000000001]
6[[1.096141708719993, 0.0, 40.0], [0.0, 0.0, 0.34783], 9, 0.895651]
7[[1.0007855964654886, 0.0, 30.0], [0.0, 0.0, 0.26087], 10, 0.921739]
8[[8.527050628464933, 0.0, 20.0], [0.23311, 0.0, 0.17391], 11, 0.924516]
9[[8.636733290029696, 0.3529999256134033, 10.0], [0.23703, 0.00588, 0.08696], 12, 0.946681]
10[[8.632607890461433, 0.0, 0.0], [0.23688, 0.0, 0.0], 13, 0.976312]
11[[1.003000020980835, 0.0, 100.0], [0.0, 0.0, 0.86957], 3, 0.739129]
12[[0.8573157517710827, 0.0, 90.0], [0.0, 0.0, 0.78261], 4, 0.765217]
13[[0.9017127297283211, 0.0, 80.0], [0.0, 0.0, 0.69565], 5, 0.791305]
14[[1.1215503204014423, 0.0, 70.0], [0.0, 0.0, 0.6087], 6, 0.8173900000000001]
15[[0.9720587558535987, 0.0, 60.0], [0.0, 0.0, 0.52174], 7, 0.843478]
16[[0.8563695545414348, 0.0, 50.0], [0.0, 0.0, 0.43478], 8, 0.8695660000000001]
17[[0.8982581561802732, 0.0, 40.0], [0.0, 0.0, 0.34783], 9, 0.895651]
18[[1.086314563290462, 0.0, 30.0], [0.0, 0.0, 0.26087], 10, 0.921739]
19[[8.51699952930226, 0.0, 20.0], [0.23275, 0.0, 0.17391], 11, 0.924552]
20[[8.632103441617717, 0.3599998950958252, 10.0], [0.23686, 0.006, 0.08696], 12, 0.946626]
21[[8.643633144478132, 0.0, 0.0], [0.23727, 0.0, 0.0], 13, 0.976273]
22[[1.0799999237060547, 0.0, 100.0], [0.0, 0.0, 0.86957], 3, 0.739129]
23[[0.8690451066500965, 0.0, 90.0], [0.0, 0.0, 0.78261], 4, 0.765217]
24[[0.9017127297283211, 0.0, 80.0], [0.0, 0.0, 0.69565], 5, 0.791305]
25[[1.0773311882683696, 0.0, 70.0], [0.0, 0.0, 0.6087], 6, 0.8173900000000001]
26[[0.8836101151940685, 0.0, 60.0], [0.0, 0.0, 0.52174], 7, 0.843478]
27[[1.053752195860352, 0.0, 50.0], [0.0, 0.0, 0.43478], 8, 0.8695660000000001]
28[[0.5791987382123822, 0.0, 40.0], [0.0, 0.0, 0.34783], 9, 0.895651]
29[[0.9919379582042723, 0.0, 30.0], [0.0, 0.0, 0.26087], 10, 0.921739]
30[[8.538015404500577, 0.0, 20.0], [0.2335, 0.0, 0.17391], 11, 0.924477]
31[[8.639511287386423, 0.43200016021728516, 10.0], [0.23713, 0.0072, 0.08696], 12, 0.945879]
32[[8.63430433224624, 0.0, 0.0], [0.23694, 0.0, 0.0], 13, 0.976306]
