0[[1.0120000839233398, 0.0, 100.0], [0.0, 0.0, 0.86957], 3, 0.739129]
1[[1.0791087841913687, 0.0, 90.0], [0.0, 0.0, 0.78261], 4, 0.765217]
2[[1.0642074515447923, 0.0, 80.0], [0.0, 0.0, 0.69565], 5, 0.791305]
3[[0.8910762282094277, 0.0, 70.0], [0.0, 0.0, 0.6087], 6, 0.8173900000000001]
4[[1.125311202215398, 0.0, 60.0], [0.0, 0.0, 0.52174], 7, 0.843478]
5[[0.8469703100043798, 0.0, 50.0], [0.0, 0.0, 0.43478], 8, 0.8695660000000001]
6[[0.5836455030337945, 0.0, 40.0], [0.0, 0.0, 0.34783], 9, 0.895651]
7[[1.0745173997595854, 0.0, 30.0], [0.0, 0.0, 0.26087], 10, 0.921739]
8[[6.706874278388218, 0.0, 20.0], [0.1681, 0.0, 0.17391], 11, 0.931017]
9[[6.779192009564032, 0.0, 10.0], [0.17069, 0.0, 0.08696], 12, 0.956843]
10[[6.94662459848978, 0.0, 0.0], [0.17667, 0.0, 0.0], 13, 0.982333]
11[[1.059000015258789, 0.0, 100.0], [0.0, 0.0, 0.86957], 3, 0.739129]
12[[0.8818409514117956, 0.0, 90.0], [0.0, 0.0, 0.78261], 4, 0.765217]
13[[0.8564270968068496, 0.0, 80.0], [0.0, 0.0, 0.69565], 5, 0.791305]
14[[0.6900817704210558, 0.0, 70.0], [0.0, 0.0, 0.6087], 6, 0.8173900000000001]
15[[0.9335265714128402, 0.0, 60.0], [0.0, 0.0, 0.52174], 7, 0.843478]
16[[0.8511479180163194, 0.0, 50.0], [0.0, 0.0, 0.43478], 8, 0.8695660000000001]
17[[0.5791987382123822, 0.0, 40.0], [0.0, 0.0, 0.34783], 9, 0.895651]
18[[0.9909549393723464, 0.0, 30.0], [0.0, 0.0, 0.26087], 10, 0.921739]
19[[6.684944508463599, 0.0, 20.0], [0.16732, 0.0, 0.17391], 11, 0.931095]
20[[6.781044302166984, 0.0, 10.0], [0.17075, 0.0, 0.08696], 12, 0.956837]
21[[7.065355910213647, 0.0, 0.0], [0.18091, 0.0, 0.0], 13, 0.981909]
22[[0.9600000381469727, 0.0, 100.0], [0.0, 0.0, 0.86957], 3, 0.739129]
23[[0.8583817331961364, 0.0, 90.0], [0.0, 0.0, 0.78261], 4, 0.765217]
24[[0.6872729192273639, 0.0, 80.0], [0.0, 0.0, 0.69565], 5, 0.791305]
25[[0.6887415837384592, 0.0, 70.0], [0.0, 0.0, 0.6087], 6, 0.8173900000000001]
26[[0.8879886491410051, 0.0, 60.0], [0.0, 0.0, 0.52174], 7, 0.843478]
27[[1.061062636391437, 0.0, 50.0], [0.0, 0.0, 0.43478], 8, 0.8695660000000001]
28[[0.5714165684608483, 0.0, 40.0], [0.0, 0.0, 0.34783], 9, 0.895651]
29[[0.9545804299477902, 0.0, 30.0], [0.0, 0.0, 0.26087], 10, 0.921739]
30[[6.693168253880331, 0.0, 20.0], [0.16761, 0.0, 0.17391], 11, 0.931066]
31[[6.781970006920759, 0.0, 10.0], [0.17078, 0.0, 0.08696], 12, 0.956834]
32[[6.950865096357592, 0.0, 0.0], [0.17682, 0.0, 0.0], 13, 0.982318]
