0[[1.0550000667572021, 0.0, 100.0], [0.0, 0.0, 0.86957], 3, 0.739129]
1[[1.088705667762643, 0.0, 90.0], [0.0, 0.0, 0.78261], 4, 0.765217]
2[[0.9549896460543157, 0.0, 80.0], [0.0, 0.0, 0.69565], 5, 0.791305]
3[[0.9326153064496986, 0.0, 70.0], [0.0, 0.0, 0.6087], 6, 0.8173900000000001]
4[[0.9703072170008568, 0.0, 60.0], [0.0, 0.0, 0.52174], 7, 0.843478]
5[[1.0318211232603025, 5.430999994277954, 50.0], [0.0, 0.09052, 0.43478], 8, 0.815254]
6[[0.7893109602737982, 21.480000019073486, 40.0], [0.0, 0.358, 0.34783], 9, 0.6808510000000001]
7[[1.0568218888502117, 29.894999980926514, 30.0], [0.0, 0.49825, 0.26087], 10, 0.622789]
8[[17.530161328574028, 20.473999977111816, 20.0], [0.55465, 0.34123, 0.17391], 11, 0.687624]
9[[16.97807492168334, 33.587000131607056, 10.0], [0.53493, 0.55978, 0.08696], 12, 0.584551]
10[[17.252494691715565, 41.20199990272522, 0.0], [0.54473, 0.6867, 0.0], 13, 0.533507]
11[[1.1030001640319826, 0.0, 100.0], [0.0, 0.0, 0.86957], 3, 0.739129]
12[[0.8935703062908094, 0.0, 90.0], [0.0, 0.0, 0.78261], 4, 0.765217]
13[[1.1214801683507836, 0.0, 80.0], [0.0, 0.0, 0.69565], 5, 0.791305]
14[[1.0666116116419466, 0.0, 70.0], [0.0, 0.0, 0.6087], 6, 0.8173900000000001]
15[[0.8844857802254666, 0.0, 60.0], [0.0, 0.0, 0.52174], 7, 0.843478]
16[[1.053752444853558, 11.696000099182129, 50.0], [0.0, 0.19493, 0.43478], 8, 0.7526079999999999]
17[[1.113928768005642, 20.9520001411438, 40.0], [0.0, 0.3492, 0.34783], 9, 0.686131]
18[[0.9811240478922629, 30.066999912261963, 30.0], [0.0, 0.50112, 0.26087], 10, 0.621067]
19[[17.541126322463004, 20.378000020980835, 20.0], [0.55504, 0.33963, 0.17391], 11, 0.688545]
20[[16.97622307062809, 33.46399998664856, 10.0], [0.53487, 0.55773, 0.08696], 12, 0.5857870000000001]
21[[17.25758341047578, 40.98899984359741, 0.0], [0.54491, 0.68315, 0.0], 13, 0.535619]
22[[1.0250000953674316, 0.0, 100.0], [0.0, 0.0, 0.86957], 3, 0.739129]
23[[1.072710861810519, 0.0, 90.0], [0.0, 0.0, 0.78261], 4, 0.765217]
24[[0.9616494193728, 0.0, 80.0], [0.0, 0.0, 0.69565], 5, 0.791305]
25[[0.9647743558013598, 0.0, 70.0], [0.0, 0.0, 0.6087], 6, 0.8173900000000001]
26[[0.9212662170235377, 0.0, 60.0], [0.0, 0.0, 0.52174], 7, 0.843478]
27[[0.993179867605701, 12.105000019073486, 50.0], [0.0, 0.20175, 0.43478], 8, 0.748516]
28[[0.7893109602737982, 21.164999961853027, 40.0], [0.0, 0.35275, 0.34783], 9, 0.6840010000000001]
29[[1.030278270905739, 29.86899995803833, 30.0], [0.0, 0.49782, 0.26087], 10, 0.623047]
30[[17.540212427736698, 20.48900008201599, 20.0], [0.55501, 0.34148, 0.17391], 11, 0.687438]
31[[16.979001067984818, 33.41200017929077, 10.0], [0.53496, 0.55687, 0.08696], 12, 0.5862940000000001]
32[[17.25927944786445, 41.259000062942505, 0.0], [0.54497, 0.68765, 0.0], 13, 0.532913]
