0[[1.0479998588562012, 0.0, 100.0], [0.0, 0.0, 0.86957], 3, 0.739129]
1[[0.9148965447410974, 0.0, 90.0], [0.0, 0.0, 0.78261], 4, 0.765217]
2[[1.0642074515447923, 0.0, 80.0], [0.0, 0.0, 0.69565], 5, 0.791305]
3[[0.6994614798372739, 0.0, 70.0], [0.0, 0.0, 0.6087], 6, 0.8173900000000001]
4[[0.8888645229623487, 0.0, 60.0], [0.0, 0.0, 0.52174], 7, 0.843478]
5[[1.062107162891025, 0.10199999809265137, 50.0], [0.0, 0.0017, 0.43478], 8, 0.868546]
6[[0.5725281934033888, 9.348000049591064, 40.0], [0.0, 0.1558, 0.34783], 9, 0.802171]
7[[0.9968532867508433, 18.05299997329712, 30.0], [0.0, 0.30088, 0.26087], 10, 0.7412110000000001]
8[[11.257315153580004, 14.388000011444092, 20.0], [0.33062, 0.2398, 0.17391], 11, 0.770885]
9[[11.407303372889304, 17.305999994277954, 10.0], [0.33598, 0.28843, 0.08696], 12, 0.7672559999999999]
10[[11.302364243780042, 15.062000036239624, 0.0], [0.33223, 0.25103, 0.0], 13, 0.8161590000000001]
11[[1.0149998664855957, 0.0, 100.0], [0.0, 0.0, 0.86957], 3, 0.739129]
12[[1.0257931880656483, 0.0, 90.0], [0.0, 0.0, 0.78261], 4, 0.765217]
13[[1.0269134195833143, 0.0, 80.0], [0.0, 0.0, 0.69565], 5, 0.791305]
14[[1.071971399955158, 0.0, 70.0], [0.0, 0.0, 0.6087], 6, 0.8173900000000001]
15[[1.0605071877231835, 0.0, 60.0], [0.0, 0.0, 0.52174], 7, 0.843478]
16[[0.9075428872522369, 0.0, 50.0], [0.0, 0.0, 0.43478], 8, 0.8695660000000001]
17[[0.5903155177402878, 8.414000034332275, 40.0], [0.0, 0.14023, 0.34783], 9, 0.811513]
18[[0.9998025776335625, 17.066999912261963, 30.0], [0.0, 0.28445, 0.26087], 10, 0.751069]
19[[11.25457368725443, 14.29800009727478, 20.0], [0.33052, 0.2383, 0.17391], 11, 0.771795]
20[[11.41008114947218, 16.630000114440918, 10.0], [0.33607, 0.27717, 0.08696], 12, 0.774003]
21[[11.31847781216082, 15.330999851226807, 0.0], [0.3328, 0.25552, 0.0], 13, 0.813408]
22[[1.0120000839233398, 0.0, 100.0], [0.0, 0.0, 0.86957], 3, 0.739129]
23[[1.0748435873470743, 0.0, 90.0], [0.0, 0.0, 0.78261], 4, 0.765217]
24[[1.1228123135477626, 0.0, 80.0], [0.0, 0.0, 0.69565], 5, 0.791305]
25[[1.0424924044962984, 0.0, 70.0], [0.0, 0.0, 0.6087], 6, 0.8173900000000001]
26[[0.897621590856222, 0.0, 60.0], [0.0, 0.0, 0.52174], 7, 0.843478]
27[[0.8427929509856463, 0.0, 50.0], [0.0, 0.0, 0.43478], 8, 0.8695660000000001]
28[[0.5769752232760512, 8.263000011444092, 40.0], [0.0, 0.13772, 0.34783], 9, 0.813019]
29[[1.0017686152974146, 16.890000104904175, 30.0], [0.0, 0.2815, 0.26087], 10, 0.752839]
30[[11.275589780306078, 13.842999935150146, 20.0], [0.33127, 0.23072, 0.17391], 11, 0.776268]
31[[11.405451301060202, 17.391000032424927, 10.0], [0.33591, 0.28985, 0.08696], 12, 0.766411]
32[[11.300668206391371, 14.964999914169312, 0.0], [0.33217, 0.24942, 0.0], 13, 0.817131]
