0[[3.131999969482422, 0.0, 100.0], [0.04043, 0.0, 0.86957], 3, 0.735086]
1[[3.3665094901148382, 0.0, 90.0], [0.0488, 0.0, 0.78261], 4, 0.760337]
2[[3.36478530606094, 0.0, 80.0], [0.04874, 0.0, 0.69565], 5, 0.786431]
3[[3.29484067856074, 0.0, 70.0], [0.04624, 0.0, 0.6087], 6, 0.812766]
4[[3.7547128327634907, 0.0, 60.0], [0.06267, 0.0, 0.52174], 7, 0.837211]
5[[3.0436933140116698, 0.0, 50.0], [0.03727, 0.0, 0.43478], 8, 0.865839]
6[[3.369088850563609, 15.192999839782715, 40.0], [0.0489, 0.25322, 0.34783], 9, 0.738829]
7[[3.394108087698188, 21.61400008201599, 30.0], [0.04979, 0.36023, 0.26087], 10, 0.700622]
8[[13.299274985544308, 18.807000160217285, 20.0], [0.40355, 0.31345, 0.17391], 11, 0.719402]
9[[13.130026619980598, 26.066999912261963, 10.0], [0.3975, 0.43445, 0.08696], 12, 0.673492]
10[[13.000511765850677, 30.882999897003174, 0.0], [0.39288, 0.51472, 0.0], 13, 0.65188]
11[[3.1700000762939453, 0.0, 100.0], [0.04179, 0.0, 0.86957], 3, 0.73495]
12[[3.0979360559952407, 0.0, 90.0], [0.03921, 0.0, 0.78261], 4, 0.761296]
13[[3.162584969346683, 0.0, 80.0], [0.04152, 0.0, 0.69565], 5, 0.787153]
14[[3.171045974103866, 0.0, 70.0], [0.04182, 0.0, 0.6087], 6, 0.813208]
15[[3.2208916633934654, 0.0, 60.0], [0.0436, 0.0, 0.52174], 7, 0.839118]
16[[3.7296567015959003, 0.24300003051757812, 50.0], [0.06177, 0.00405, 0.43478], 8, 0.860959]
17[[3.1659330383276942, 14.995000123977661, 40.0], [0.04164, 0.24992, 0.34783], 9, 0.741535]
18[[3.0748301884240092, 21.569999933242798, 30.0], [0.03839, 0.3595, 0.26087], 10, 0.7022]
19[[13.168071478035996, 18.174999952316284, 20.0], [0.39886, 0.30292, 0.17391], 11, 0.726189]
20[[13.127280690718813, 26.353000164031982, 10.0], [0.3974, 0.43922, 0.08696], 12, 0.67064]
21[[13.006790012476303, 31.15499997138977, 0.0], [0.3931, 0.51925, 0.0], 13, 0.64914]
22[[3.186000108718872, 0.0, 100.0], [0.04236, 0.0, 0.86957], 3, 0.734893]
23[[3.344322928512812, 0.0, 90.0], [0.04801, 0.0, 0.78261], 4, 0.760416]
24[[3.2579892555477286, 0.0, 80.0], [0.04493, 0.0, 0.69565], 5, 0.7868120000000001]
25[[3.1152705376236787, 0.0, 70.0], [0.03983, 0.0, 0.6087], 6, 0.813407]
26[[3.1293551388934477, 0.0, 60.0], [0.04033, 0.0, 0.52174], 7, 0.839445]
27[[3.3435325633894437, 6.939000129699707, 50.0], [0.04798, 0.11565, 0.43478], 8, 0.795378]
28[[3.2548823512230562, 16.442999839782715, 40.0], [0.04482, 0.27405, 0.34783], 9, 0.726739]
29[[3.468335094390892, 21.479000091552734, 30.0], [0.05244, 0.35798, 0.26087], 10, 0.701707]
30[[13.185504174619524, 18.412999868392944, 20.0], [0.39948, 0.30688, 0.17391], 11, 0.723751]
31[[13.143756266289522, 26.77999997138977, 10.0], [0.39799, 0.44633, 0.08696], 12, 0.666315]
32[[12.999614720735059, 30.865000009536743, 0.0], [0.39284, 0.51442, 0.0], 13, 0.652064]
