0[[1.9950001239776614, 0.0, 50.0], [0.0, 0.0, 0.76923], 3, 0.769231]
1[[2.1841594184581603, 0.0, 45.0], [0.00658, 0.0, 0.69231], 4, 0.791649]
2[[3.380511187727022, 2.2869999408721924, 40.0], [0.0493, 0.07623, 0.61538], 5, 0.764718]
3[[1.7801618939808854, 6.640000104904175, 35.0], [0.0, 0.22133, 0.53846], 6, 0.705664]
4[[2.1536670447314457, 8.346999883651733, 30.0], [0.00549, 0.27823, 0.46154], 7, 0.694051]
5[[2.4366661599016366, 17.69700002670288, 25.0], [0.0156, 0.5899, 0.38462], 8, 0.5291140000000001]
6[[2.0126550564870107, 19.187000036239624, 20.0], [0.00045, 0.63957, 0.30769], 9, 0.523906]
7[[2.278658221617754, 24.67799997329712, 15.0], [0.00995, 0.8226, 0.23077], 10, 0.436214]
8[[18.95410248206874, 23.771000146865845, 10.0], [0.6055, 0.79237, 0.15385], 11, 0.41787300000000005]
9[[19.314772746484824, 28.88699984550476, 5.0], [0.61838, 0.9629, 0.07692], 12, 0.33734600000000003]
10[[19.209772718532165, 34.25200009346008, 0.0], [0.61463, 1.14173, 0.0], 13, 0.25349900000000003]
11[[2.419999837875366, 0.0, 50.0], [0.015, 0.0, 0.76923], 3, 0.767731]
12[[2.0203726443109398, 0.0, 45.0], [0.00073, 0.0, 0.69231], 4, 0.792234]
13[[2.0423361740484918, 3.8239998817443848, 40.0], [0.00151, 0.12747, 0.61538], 5, 0.738753]
14[[2.26170995526996, 4.78600001335144, 35.0], [0.00935, 0.15953, 0.53846], 6, 0.7418089999999999]
15[[2.421068501551019, 11.91100001335144, 30.0], [0.01504, 0.39703, 0.46154], 7, 0.621816]
16[[2.119466947992449, 15.877999782562256, 25.0], [0.00427, 0.52927, 0.38462], 8, 0.5666249999999999]
17[[2.378718924992216, 20.53600001335144, 20.0], [0.01353, 0.68453, 0.30769], 9, 0.495622]
18[[2.108039511152275, 29.236999988555908, 15.0], [0.00386, 0.97457, 0.23077], 10, 0.345641]
19[[18.95226714004917, 23.830000162124634, 10.0], [0.60544, 0.79433, 0.15385], 11, 0.41670300000000005]
20[[19.2875039746034, 24.64400005340576, 5.0], [0.61741, 0.82147, 0.07692], 12, 0.42230100000000004]
21[[19.202841621349158, 34.638999938964844, 0.0], [0.61439, 1.15463, 0.0], 13, 0.24578299999999997]
22[[2.4149999618530273, 0.0, 50.0], [0.01482, 0.0, 0.76923], 3, 0.767749]
23[[2.2746997781908633, 0.0, 45.0], [0.00981, 0.0, 0.69231], 4, 0.791326]
24[[2.196117871674418, 2.517000198364258, 40.0], [0.007, 0.0839, 0.61538], 5, 0.764346]
25[[2.359062555608944, 6.669999837875366, 35.0], [0.01282, 0.22233, 0.53846], 6, 0.703782]
26[[2.3030265825891343, 7.104999780654907, 30.0], [0.01082, 0.23683, 0.46154], 7, 0.718358]
27[[2.2492301503464383, 16.087000131607056, 25.0], [0.0089, 0.53623, 0.38462], 8, 0.5619860000000001]
28[[2.2729362492543435, 19.04100012779236, 20.0], [0.00975, 0.6347, 0.30769], 9, 0.525898]
29[[2.1484495015299574, 29.276000022888184, 15.0], [0.0053, 0.97587, 0.23077], 10, 0.34471699999999994]
30[[18.98162779978491, 24.004000186920166, 10.0], [0.60649, 0.80013, 0.15385], 11, 0.4131180000000001]
31[[19.290912723464405, 24.649999856948853, 5.0], [0.61753, 0.82167, 0.07692], 12, 0.422169]
32[[19.223636014646253, 33.97199988365173, 0.0], [0.61513, 1.1324, 0.0], 13, 0.2590469999999999]
