0[[0.5460000038146973, 0.0, 50.0], [0.0, 0.0, 0.76923], 3, 0.769231]
1[[0.5630637016690734, 0.0, 45.0], [0.0, 0.0, 0.69231], 4, 0.792307]
2[[0.5911587239023656, 0.0, 40.0], [0.0, 0.0, 0.61538], 5, 0.8153859999999999]
3[[0.019555480611511827, 0.0, 35.0], [0.0, 0.0, 0.53846], 6, 0.838462]
4[[0.5529693307865021, 0.0, 30.0], [0.0, 0.0, 0.46154], 7, 0.861538]
5[[0.027553426707842905, 0.0, 25.0], [0.0, 0.0, 0.38462], 8, 0.884614]
6[[0.5584269201761535, 0.0, 20.0], [0.0, 0.0, 0.30769], 9, 0.907693]
7[[0.02776394835644283, 0.0, 15.0], [0.0, 0.0, 0.23077], 10, 0.930769]
8[[5.026646843791186, 0.0, 10.0], [0.10809, 0.0, 0.15385], 11, 0.943036]
9[[4.725438386603687, 0.0, 5.0], [0.09734, 0.0, 0.07692], 12, 0.96719]
10[[4.591983328352414, 0.0, 0.0], [0.09257, 0.0, 0.0], 13, 0.990743]
