0[[1.3350000381469727, 0.0, 50.0], [0.0, 0.0, 0.76923], 3, 0.769231]
1[[1.125617090081163, 0.0, 45.0], [0.0, 0.0, 0.69231], 4, 0.792307]
2[[1.1771978936073408, 0.0, 40.0], [0.0, 0.0, 0.61538], 5, 0.8153859999999999]
3[[0.8863309358781659, 0.0, 35.0], [0.0, 0.0, 0.53846], 6, 0.838462]
4[[1.3175145549085194, 0.0, 30.0], [0.0, 0.0, 0.46154], 7, 0.861538]
5[[0.7976065389932692, 0.0, 25.0], [0.0, 0.0, 0.38462], 8, 0.884614]
6[[0.6960795813068897, 0.0, 20.0], [0.0, 0.0, 0.30769], 9, 0.907693]
7[[0.8236194053373043, 0.0, 15.0], [0.0, 0.0, 0.23077], 10, 0.930769]
8[[6.0966393272290995, 0.0, 10.0], [0.14631, 0.0, 0.15385], 11, 0.939214]
9[[7.19954195404301, 0.0, 5.0], [0.1857, 0.0, 0.07692], 12, 0.958354]
10[[5.810062681418534, 2.2319998741149902, 0.0], [0.13607, 0.0744, 0.0], 13, 0.9417530000000001]
11[[1.180999994277954, 0.0, 50.0], [0.0, 0.0, 0.76923], 3, 0.769231]
12[[1.3210367787798682, 0.0, 45.0], [0.0, 0.0, 0.69231], 4, 0.792307]
13[[1.186477884713414, 0.0, 40.0], [0.0, 0.0, 0.61538], 5, 0.8153859999999999]
14[[1.2234842885200001, 0.0, 35.0], [0.0, 0.0, 0.53846], 6, 0.838462]
15[[1.0785124870591325, 0.0, 30.0], [0.0, 0.0, 0.46154], 7, 0.861538]
16[[1.1116245273757903, 0.0, 25.0], [0.0, 0.0, 0.38462], 8, 0.884614]
17[[1.170800917702252, 0.0, 20.0], [0.0, 0.0, 0.30769], 9, 0.907693]
18[[1.2198477130884637, 0.0, 15.0], [0.0, 0.0, 0.23077], 10, 0.930769]
19[[6.032924353315094, 0.0, 10.0], [0.14403, 0.0, 0.15385], 11, 0.939442]
20[[7.172017177512609, 0.0, 5.0], [0.18471, 0.0, 0.07692], 12, 0.958453]
21[[5.981307054076496, 2.130999803543091, 0.0], [0.14219, 0.07103, 0.0], 13, 0.943163]
22[[1.250999927520752, 0.0, 50.0], [0.0, 0.0, 0.76923], 3, 0.769231]
23[[1.1578613235741555, 0.0, 45.0], [0.0, 0.0, 0.69231], 4, 0.792307]
24[[1.1082631195803019, 0.0, 40.0], [0.0, 0.0, 0.61538], 5, 0.8153859999999999]
25[[1.046218101344367, 0.0, 35.0], [0.0, 0.0, 0.53846], 6, 0.838462]
26[[1.2226345715620952, 0.0, 30.0], [0.0, 0.0, 0.46154], 7, 0.861538]
27[[1.216297190169964, 0.0, 25.0], [0.0, 0.0, 0.38462], 8, 0.884614]
28[[1.2614780840569415, 0.0, 20.0], [0.0, 0.0, 0.30769], 9, 0.907693]
29[[1.3222431486004473, 0.0, 15.0], [0.0, 0.0, 0.23077], 10, 0.930769]
30[[6.302348415624102, 0.0, 10.0], [0.15366, 0.0, 0.15385], 11, 0.9384790000000001]
31[[7.177177765494751, 0.0, 5.0], [0.1849, 0.0, 0.07692], 12, 0.958434]
32[[5.768474962317063, 2.1519999504089355, 0.0], [0.13459, 0.07173, 0.0], 13, 0.943503]
