0[[0.6610000133514404, 0.0, 50.0], [0.0, 0.0, 0.76923], 3, 0.769231]
1[[0.6573940093635531, 4.671000003814697, 45.0], [0.0, 0.1557, 0.69231], 4, 0.698887]
2[[0.35838289142763874, 7.416000127792358, 40.0], [0.0, 0.2472, 0.61538], 5, 0.6670659999999999]
3[[0.4302222385997701, 11.775000095367432, 35.0], [0.0, 0.3925, 0.53846], 6, 0.602962]
4[[0.4874718891841264, 16.07800006866455, 30.0], [0.0, 0.53593, 0.46154], 7, 0.53998]
5[[0.48461733410972413, 20.55399990081787, 25.0], [0.0, 0.68513, 0.38462], 8, 0.47353599999999996]
6[[0.36975453539047864, 25.592999935150146, 20.0], [0.0, 0.8531, 0.30769], 9, 0.395833]
7[[0.40604686557023456, 31.075999975204468, 15.0], [0.0, 1.03587, 0.23077], 10, 0.30924699999999994]
8[[21.42237837372699, 27.217000007629395, 10.0], [0.69366, 0.90723, 0.15385], 11, 0.340141]
9[[21.401880209399074, 29.78499984741211, 5.0], [0.69292, 0.99283, 0.07692], 12, 0.31193400000000004]
10[[20.56427147471488, 41.323999881744385, 0.0], [0.66301, 1.37747, 0.0], 13, 0.10721700000000012]
11[[0.6719999313354492, 0.0, 50.0], [0.0, 0.0, 0.76923], 3, 0.769231]
12[[0.6291921576242843, 4.604000091552734, 45.0], [0.0, 0.15347, 0.69231], 4, 0.700225]
13[[0.3583826166845201, 7.669000148773193, 40.0], [0.0, 0.25563, 0.61538], 5, 0.6620079999999999]
14[[0.6620958882702194, 11.608999967575073, 35.0], [0.0, 0.38697, 0.53846], 6, 0.60628]
15[[0.6549733920382406, 15.96999979019165, 30.0], [0.0, 0.53233, 0.46154], 7, 0.5421400000000001]
16[[0.4992041923256148, 20.624000072479248, 25.0], [0.0, 0.68747, 0.38462], 8, 0.472132]
17[[0.5421619479864563, 24.914000034332275, 20.0], [0.0, 0.83047, 0.30769], 9, 0.40941099999999997]
18[[0.8259754984615749, 35.97699999809265, 15.0], [0.0, 1.19923, 0.23077], 10, 0.21123099999999995]
19[[21.43285710363469, 27.049000024795532, 10.0], [0.69403, 0.90163, 0.15385], 11, 0.3434640000000001]
20[[21.407517402739114, 29.780999898910522, 5.0], [0.69313, 0.9927, 0.07692], 12, 0.311991]
21[[20.53836182531727, 41.34999990463257, 0.0], [0.66208, 1.37833, 0.0], 13, 0.10679399999999994]
22[[0.5439999103546143, 0.0, 50.0], [0.0, 0.0, 0.76923], 3, 0.769231]
23[[0.4774857407605161, 4.562000036239624, 45.0], [0.0, 0.15207, 0.69231], 4, 0.701065]
24[[0.3595351640669679, 7.476999998092651, 40.0], [0.0, 0.24923, 0.61538], 5, 0.665848]
25[[0.4483813273481336, 12.504999876022339, 35.0], [0.0, 0.41683, 0.53846], 6, 0.588364]
26[[0.6377937310278406, 16.210999965667725, 30.0], [0.0, 0.54037, 0.46154], 7, 0.537316]
27[[0.38088633188335896, 20.94700002670288, 25.0], [0.0, 0.69823, 0.38462], 8, 0.465676]
28[[0.500957782644161, 24.74399995803833, 20.0], [0.0, 0.8248, 0.30769], 9, 0.412813]
29[[0.39737045070886995, 33.16200017929077, 15.0], [0.0, 1.1054, 0.23077], 10, 0.267529]
30[[21.42986312981923, 27.43500018119812, 10.0], [0.69392, 0.9145, 0.15385], 11, 0.3357530000000001]
31[[21.40187987339184, 29.937000036239624, 5.0], [0.69292, 0.9979, 0.07692], 12, 0.30889200000000006]
32[[20.566264378459397, 41.334999799728394, 0.0], [0.66308, 1.37783, 0.0], 13, 0.10699399999999992]
