0[[2.052999973297119, 0.0, 50.0], [0.00189, 0.0, 0.76923], 3, 0.769042]
1[[2.376430680251837, 0.0, 45.0], [0.01344, 0.0, 0.69231], 4, 0.790963]
2[[2.403858838351398, 0.0, 40.0], [0.01442, 0.0, 0.61538], 5, 0.813944]
3[[2.2026027380981095, 0.0, 35.0], [0.00724, 0.0, 0.53846], 6, 0.837738]
4[[2.4150458052154495, 0.0, 30.0], [0.01482, 0.0, 0.46154], 7, 0.8600559999999999]
5[[2.3995906786125047, 0.0, 25.0], [0.01427, 0.0, 0.38462], 8, 0.8831869999999999]
6[[2.3341790780522564, 0.0, 20.0], [0.01193, 0.0, 0.30769], 9, 0.9065]
7[[2.137224325787544, 0.0, 15.0], [0.0049, 0.0, 0.23077], 10, 0.930279]
8[[4.440790925513591, 0.0, 10.0], [0.08717, 0.0, 0.15385], 11, 0.945128]
9[[4.294822835110007, 0.0, 5.0], [0.08196, 0.0, 0.07692], 12, 0.968728]
10[[4.202859891972503, 0.0, 0.0], [0.07867, 0.0, 0.0], 13, 0.992133]
11[[2.311999797821045, 0.0, 50.0], [0.01114, 0.0, 0.76923], 3, 0.768117]
12[[2.264526469694244, 0.0, 45.0], [0.00945, 0.0, 0.69231], 4, 0.791362]
13[[2.0436850432081957, 0.0, 40.0], [0.00156, 0.0, 0.61538], 5, 0.81523]
14[[2.0287589569485913, 0.0, 35.0], [0.00103, 0.0, 0.53846], 6, 0.838359]
15[[2.193415921576705, 0.0, 30.0], [0.00691, 0.0, 0.46154], 7, 0.860847]
16[[1.9732255902614064, 0.0, 25.0], [0.0, 0.0, 0.38462], 8, 0.884614]
17[[2.1894236629112105, 0.0, 20.0], [0.00677, 0.0, 0.30769], 9, 0.907016]
18[[1.9778307910644783, 0.0, 15.0], [0.0, 0.0, 0.23077], 10, 0.930769]
19[[4.550893071392349, 0.0, 10.0], [0.0911, 0.0, 0.15385], 11, 0.944735]
20[[4.195973587831791, 0.0, 5.0], [0.07843, 0.0, 0.07692], 12, 0.969081]
21[[4.283728752055329, 0.0, 0.0], [0.08156, 0.0, 0.0], 13, 0.991844]
22[[2.121999979019165, 0.0, 50.0], [0.00436, 0.0, 0.76923], 3, 0.768795]
23[[2.0559787389590585, 0.0, 45.0], [0.002, 0.0, 0.69231], 4, 0.792107]
24[[2.463213584041266, 0.0, 40.0], [0.01654, 0.0, 0.61538], 5, 0.813732]
25[[1.7714699121615436, 0.0, 35.0], [0.0, 0.0, 0.53846], 6, 0.838462]
26[[2.417454941185271, 0.0, 30.0], [0.01491, 0.0, 0.46154], 7, 0.860047]
27[[2.4078300018405248, 0.0, 25.0], [0.01457, 0.0, 0.38462], 8, 0.883157]
28[[2.1003436371817723, 0.0, 20.0], [0.00358, 0.0, 0.30769], 9, 0.907335]
29[[2.152939678876091, 0.0, 15.0], [0.00546, 0.0, 0.23077], 10, 0.930223]
30[[4.328853437615262, 0.0, 10.0], [0.08317, 0.0, 0.15385], 11, 0.945528]
31[[4.3629949679813365, 0.0, 5.0], [0.08439, 0.0, 0.07692], 12, 0.968485]
32[[4.343802667967021, 0.0, 0.0], [0.08371, 0.0, 0.0], 13, 0.991629]
