0[[1.2210001945495605, 0.0, 50.0], [0.0, 0.0, 0.76923], 3, 0.769231]
1[[1.1647012141875976, 0.0, 45.0], [0.0, 0.0, 0.69231], 4, 0.792307]
2[[1.2978346173340312, 0.12299990653991699, 40.0], [0.0, 0.0041, 0.61538], 5, 0.812926]
3[[1.2756213536482968, 6.852999925613403, 35.0], [0.0, 0.22843, 0.53846], 6, 0.701404]
4[[1.1649856804919982, 10.855000019073486, 30.0], [0.0, 0.36183, 0.46154], 7, 0.64444]
5[[1.2100172796090776, 14.990000009536743, 25.0], [0.0, 0.49967, 0.38462], 8, 0.584812]
6[[1.2734795438526842, 21.47599983215332, 20.0], [0.0, 0.71587, 0.30769], 9, 0.478171]
7[[1.1419375541837706, 28.433000087738037, 15.0], [0.0, 0.94777, 0.23077], 10, 0.36210699999999996]
8[[20.62371674737565, 27.848999977111816, 10.0], [0.66513, 0.9283, 0.15385], 11, 0.330352]
9[[20.958666604668966, 31.017000198364258, 5.0], [0.6771, 1.0339, 0.07692], 12, 0.28887399999999996]
10[[20.33154955440253, 38.29200005531311, 0.0], [0.6547, 1.2764, 0.0], 13, 0.16869]
11[[1.3040001392364504, 0.0, 50.0], [0.0, 0.0, 0.76923], 3, 0.769231]
12[[1.1471130904375801, 0.0, 45.0], [0.0, 0.0, 0.69231], 4, 0.792307]
13[[1.117542794621149, 0.5420000553131104, 40.0], [0.0, 0.01807, 0.61538], 5, 0.804544]
14[[1.228698036467686, 7.16100001335144, 35.0], [0.0, 0.2387, 0.53846], 6, 0.695242]
15[[1.2394487240783305, 11.101999998092651, 30.0], [0.0, 0.37007, 0.46154], 7, 0.6394960000000001]
16[[1.2518858456081203, 16.996000051498413, 25.0], [0.0, 0.56653, 0.38462], 8, 0.5446960000000001]
17[[1.2574775974583605, 21.543999910354614, 20.0], [0.0, 0.71813, 0.30769], 9, 0.476815]
18[[1.0439937941569168, 27.35800004005432, 15.0], [0.0, 0.91193, 0.23077], 10, 0.3836109999999999]
19[[20.614614360230387, 27.686000108718872, 10.0], [0.66481, 0.92287, 0.15385], 11, 0.3336420000000001]
20[[20.97415000924104, 29.846999883651733, 5.0], [0.67765, 0.9949, 0.07692], 12, 0.312219]
21[[20.348673875017642, 38.34500002861023, 0.0], [0.65531, 1.27817, 0.0], 13, 0.16756700000000002]
22[[1.309999942779541, 0.0, 50.0], [0.0, 0.0, 0.76923], 3, 0.769231]
23[[1.2731589422359753, 0.0, 45.0], [0.0, 0.0, 0.69231], 4, 0.792307]
24[[0.6933273175333091, 0.16700005531311035, 40.0], [0.0, 0.00557, 0.61538], 5, 0.812044]
25[[0.7021132228884722, 8.226999998092651, 35.0], [0.0, 0.27423, 0.53846], 6, 0.673924]
26[[1.2118250644522879, 10.513000011444092, 30.0], [0.0, 0.35043, 0.46154], 7, 0.65128]
27[[0.8436627102701563, 14.858000040054321, 25.0], [0.0, 0.49527, 0.38462], 8, 0.5874520000000001]
28[[1.302816021671762, 22.706000089645386, 20.0], [0.0, 0.75687, 0.30769], 9, 0.45357099999999995]
29[[1.3289217232672184, 27.42199993133545, 15.0], [0.0, 0.91407, 0.23077], 10, 0.382327]
30[[20.610973752592848, 27.70799994468689, 10.0], [0.66468, 0.9236, 0.15385], 11, 0.3332170000000001]
31[[20.967268404952026, 29.657000064849854, 5.0], [0.6774, 0.98857, 0.07692], 12, 0.31604200000000005]
32[[19.998847218337325, 38.33399987220764, 0.0], [0.64282, 1.2778, 0.0], 13, 0.16903800000000002]
