0[[1.636000156402588, 0.0, 100.0], [0.0, 0.0, 0.86957], 3, 0.739129]
1[[1.8509289309602965, 0.0, 90.0], [0.0, 0.0, 0.78261], 4, 0.765217]
2[[1.7618873499016061, 0.0, 80.0], [0.0, 0.0, 0.69565], 5, 0.791305]
3[[1.8240897294363445, 0.0, 70.0], [0.0, 0.0, 0.6087], 6, 0.8173900000000001]
4[[1.7321109213191226, 0.0, 60.0], [0.0, 0.0, 0.52174], 7, 0.843478]
5[[1.8033935438141044, 8.947999954223633, 50.0], [0.0, 0.14913, 0.43478], 8, 0.780088]
6[[1.5620771495201928, 17.152999877929688, 40.0], [0.0, 0.28588, 0.34783], 9, 0.7241230000000001]
7[[1.671015154192026, 25.729000091552734, 30.0], [0.0, 0.42882, 0.26087], 10, 0.664447]
8[[14.022326968459794, 21.03700017929077, 20.0], [0.42937, 0.35062, 0.17391], 11, 0.694518]
9[[14.02902884167276, 26.088000059127808, 10.0], [0.42961, 0.4348, 0.08696], 12, 0.670071]
10[[14.121143098184612, 35.04900002479553, 0.0], [0.4329, 0.58415, 0.0], 13, 0.60622]
11[[1.511000156402588, 0.0, 100.0], [0.0, 0.0, 0.86957], 3, 0.739129]
12[[1.6946740491703312, 0.0, 90.0], [0.0, 0.0, 0.78261], 4, 0.765217]
13[[1.5420057989786398, 0.0, 80.0], [0.0, 0.0, 0.69565], 5, 0.791305]
14[[1.8647810249094154, 0.0, 70.0], [0.0, 0.0, 0.6087], 6, 0.8173900000000001]
15[[1.6595273701540338, 0.0, 60.0], [0.0, 0.0, 0.52174], 7, 0.843478]
16[[1.453690321981802, 8.700999975204468, 50.0], [0.0, 0.14502, 0.43478], 8, 0.782554]
17[[1.5393063669590437, 19.750999927520752, 40.0], [0.0, 0.32918, 0.34783], 9, 0.698143]
18[[1.5112565676732297, 28.25, 30.0], [0.0, 0.47083, 0.26087], 10, 0.639241]
19[[14.025984999239718, 23.292999982833862, 20.0], [0.4295, 0.38822, 0.17391], 11, 0.671945]
20[[13.90297599785225, 25.879000186920166, 10.0], [0.42511, 0.43132, 0.08696], 12, 0.672609]
21[[14.118549188955896, 34.69799995422363, 0.0], [0.43281, 0.5783, 0.0], 13, 0.609739]
22[[1.5190000534057617, 0.0, 100.0], [0.0, 0.0, 0.86957], 3, 0.739129]
23[[1.5809298437958603, 0.0, 90.0], [0.0, 0.0, 0.78261], 4, 0.765217]
24[[1.275311168976493, 0.0, 80.0], [0.0, 0.0, 0.69565], 5, 0.791305]
25[[1.2572190195540909, 0.0, 70.0], [0.0, 0.0, 0.6087], 6, 0.8173900000000001]
26[[1.828614333414145, 0.0, 60.0], [0.0, 0.0, 0.52174], 7, 0.843478]
27[[1.7937093811839662, 2.38700008392334, 50.0], [0.0, 0.03978, 0.43478], 8, 0.8456980000000001]
28[[1.5256437888426981, 19.019999980926514, 40.0], [0.0, 0.317, 0.34783], 9, 0.705451]
29[[1.7593288864159395, 25.350000143051147, 30.0], [0.0, 0.4225, 0.26087], 10, 0.668239]
30[[14.025070764092776, 19.358999967575073, 20.0], [0.42947, 0.32265, 0.17391], 11, 0.71129]
31[[13.915672112392478, 25.965999841690063, 10.0], [0.42556, 0.43277, 0.08696], 12, 0.671694]
32[[13.495150735391785, 34.60099983215332, 0.0], [0.41054, 0.57668, 0.0], 13, 0.612938]
