0[[1.569000005722046, 0.0, 100.0], [0.0, 0.0, 0.86957], 3, 0.739129]
1[[1.817609863199496, 0.0, 90.0], [0.0, 0.0, 0.78261], 4, 0.765217]
2[[1.803026147112211, 0.0, 80.0], [0.0, 0.0, 0.69565], 5, 0.791305]
3[[1.7721734105053593, 0.0, 70.0], [0.0, 0.0, 0.6087], 6, 0.8173900000000001]
4[[1.6380821674662511, 0.0, 60.0], [0.0, 0.0, 0.52174], 7, 0.843478]
5[[1.8356740859145648, 0.0, 50.0], [0.0, 0.0, 0.43478], 8, 0.8695660000000001]
6[[1.7966165356389983, 0.0, 40.0], [0.0, 0.0, 0.34783], 9, 0.895651]
7[[1.5182027988959592, 0.0, 30.0], [0.0, 0.0, 0.26087], 10, 0.921739]
8[[6.847921925584657, 0.0, 20.0], [0.17314, 0.0, 0.17391], 11, 0.930513]
9[[6.774198167734834, 0.0, 10.0], [0.17051, 0.0, 0.08696], 12, 0.956861]
10[[7.2023708551851096, 0.0, 0.0], [0.1858, 0.0, 0.0], 13, 0.98142]
11[[1.7049999237060547, 0.0, 100.0], [0.0, 0.0, 0.86957], 3, 0.739129]
12[[1.7923335557340452, 0.0, 90.0], [0.0, 0.0, 0.78261], 4, 0.765217]
13[[1.4710764300766714, 0.0, 80.0], [0.0, 0.0, 0.69565], 5, 0.791305]
14[[1.455062316118339, 0.0, 70.0], [0.0, 0.0, 0.6087], 6, 0.8173900000000001]
15[[1.6916951741857083, 0.0, 60.0], [0.0, 0.0, 0.52174], 7, 0.843478]
16[[1.80554566546777, 0.0, 50.0], [0.0, 0.0, 0.43478], 8, 0.8695660000000001]
17[[1.8136944868352898, 0.0, 40.0], [0.0, 0.0, 0.34783], 9, 0.895651]
18[[1.708722252628847, 0.0, 30.0], [0.0, 0.0, 0.26087], 10, 0.921739]
19[[6.822315274048318, 0.0, 20.0], [0.17223, 0.0, 0.17391], 11, 0.930604]
20[[6.827702557792617, 0.0, 10.0], [0.17242, 0.0, 0.08696], 12, 0.95667]
21[[7.204100196718902, 0.0, 0.0], [0.18586, 0.0, 0.0], 13, 0.981414]
22[[1.803999900817871, 0.0, 100.0], [0.0, 0.0, 0.86957], 3, 0.739129]
23[[1.584376936727187, 0.0, 90.0], [0.0, 0.0, 0.78261], 4, 0.765217]
24[[1.4554720703836113, 0.0, 80.0], [0.0, 0.0, 0.69565], 5, 0.791305]
25[[1.8198805965416827, 0.0, 70.0], [0.0, 0.0, 0.6087], 6, 0.8173900000000001]
26[[1.681797327821758, 0.0, 60.0], [0.0, 0.0, 0.52174], 7, 0.843478]
27[[1.54084701603033, 0.0, 50.0], [0.0, 0.0, 0.43478], 8, 0.8695660000000001]
28[[1.6269741241236944, 0.0, 40.0], [0.0, 0.0, 0.34783], 9, 0.895651]
29[[13.951587149310752, 12.990000009536743, 30.0], [0.42684, 0.2165, 0.26087], 10, 0.749155]
30[[6.833289584426525, 0.0, 20.0], [0.17262, 0.0, 0.17391], 11, 0.930565]
31[[6.826795553475656, 0.0, 10.0], [0.17239, 0.0, 0.08696], 12, 0.956673]
32[[7.233497559785767, 0.0, 0.0], [0.18691, 0.0, 0.0], 13, 0.981309]
