0[[4.203999996185303, 0.0, 100.0], [0.07871, 0.0, 0.86957], 3, 0.731258]
1[[3.961516218144344, 0.0, 90.0], [0.07005, 0.0, 0.78261], 4, 0.758212]
2[[2.8357586376914354, 0.0, 80.0], [0.02985, 0.0, 0.69565], 5, 0.78832]
3[[3.11779057703277, 0.0, 70.0], [0.03992, 0.0, 0.6087], 6, 0.8133980000000001]
4[[3.1161502664052363, 0.0, 60.0], [0.03986, 0.0, 0.52174], 7, 0.839492]
5[[2.906304454866319, 0.0, 50.0], [0.03237, 0.0, 0.43478], 8, 0.866329]
6[[2.055065162012268, 0.0, 40.0], [0.00197, 0.0, 0.34783], 9, 0.895454]
7[[1.7533751091279994, 0.0, 30.0], [0.0, 0.0, 0.26087], 10, 0.921739]
8[[5.789822840579728, 0.0, 20.0], [0.13535, 0.0, 0.17391], 11, 0.934292]
9[[5.752173811789194, 0.0, 10.0], [0.13401, 0.0, 0.08696], 12, 0.960511]
10[[5.473110129818682, 0.0, 0.0], [0.12404, 0.0, 0.0], 13, 0.987596]
11[[1.6850001811981201, 0.0, 100.0], [0.0, 0.0, 0.86957], 3, 0.739129]
12[[1.503951525186869, 0.0, 90.0], [0.0, 0.0, 0.78261], 4, 0.765217]
13[[1.4639836622954294, 0.0, 80.0], [0.0, 0.0, 0.69565], 5, 0.791305]
14[[1.8381211760267753, 0.0, 70.0], [0.0, 0.0, 0.6087], 6, 0.8173900000000001]
15[[1.6578776635429877, 0.0, 60.0], [0.0, 0.0, 0.52174], 7, 0.843478]
16[[1.836750018470945, 0.0, 50.0], [0.0, 0.0, 0.43478], 8, 0.8695660000000001]
17[[1.6190041059230662, 0.0, 40.0], [0.0, 0.0, 0.34783], 9, 0.895651]
18[[1.651169151038826, 0.0, 30.0], [0.0, 0.0, 0.26087], 10, 0.921739]
19[[5.787993716170549, 0.0, 20.0], [0.13529, 0.0, 0.17391], 11, 0.934298]
20[[5.740384701565926, 0.0, 10.0], [0.13359, 0.0, 0.08696], 12, 0.960553]
21[[5.567355017459518, 0.0, 0.0], [0.12741, 0.0, 0.0], 13, 0.987259]
22[[1.8299999237060547, 0.0, 100.0], [0.0, 0.0, 0.86957], 3, 0.739129]
23[[1.8015246165354442, 0.0, 90.0], [0.0, 0.0, 0.78261], 4, 0.765217]
24[[1.8285609228476656, 0.0, 80.0], [0.0, 0.0, 0.69565], 5, 0.791305]
25[[1.4241933343410367, 0.0, 70.0], [0.0, 0.0, 0.6087], 6, 0.8173900000000001]
26[[1.681797327821758, 0.0, 60.0], [0.0, 0.0, 0.52174], 7, 0.843478]
27[[1.6904126726261133, 0.0, 50.0], [0.0, 0.0, 0.43478], 8, 0.8695660000000001]
28[[1.4596086279950216, 0.0, 40.0], [0.0, 0.0, 0.34783], 9, 0.895651]
29[[1.4904183471654395, 0.0, 30.0], [0.0, 0.0, 0.26087], 10, 0.921739]
30[[5.793480871359653, 0.0, 20.0], [0.13548, 0.0, 0.17391], 11, 0.934279]
31[[5.73857112535361, 0.0, 10.0], [0.13352, 0.0, 0.08696], 12, 0.96056]
32[[5.5336344036301455, 0.0, 0.0], [0.1262, 0.0, 0.0], 13, 0.98738]
