0[[1.7950000762939453, 0.0, 100.0], [0.0, 0.0, 0.86957], 3, 0.739129]
1[[1.749822879318551, 0.0, 90.0], [0.0, 0.0, 0.78261], 4, 0.765217]
2[[1.706562340692698, 1.7909998893737793, 80.0], [0.0, 0.02985, 0.69565], 5, 0.773395]
3[[1.7160476241436369, 18.962000131607056, 70.0], [0.0, 0.31603, 0.6087], 6, 0.627772]
4[[1.7914978028516597, 23.700999975204468, 60.0], [0.0, 0.39502, 0.52174], 7, 0.6064660000000001]
5[[1.5322390424974774, 35.805999994277954, 50.0], [0.0, 0.59677, 0.43478], 8, 0.511504]
6[[1.7453821391518423, 44.31399989128113, 40.0], [0.0, 0.73857, 0.34783], 9, 0.45250900000000005]
7[[1.7712364409918198, 51.70199990272522, 30.0], [0.0, 0.8617, 0.26087], 10, 0.40471899999999994]
8[[28.678416000492412, 34.03699994087219, 20.0], [0.9528, 0.56728, 0.17391], 11, 0.5121789999999999]
9[[28.54594492681948, 44.03099989891052, 10.0], [0.94807, 0.73385, 0.08696], 12, 0.43879500000000005]
10[[28.835422513027606, 48.16200017929077, 0.0], [0.95841, 0.8027, 0.0], 13, 0.422539]
11[[1.8500001430511475, 0.0, 100.0], [0.0, 0.0, 0.86957], 3, 0.739129]
12[[1.660206133050187, 0.0, 90.0], [0.0, 0.0, 0.78261], 4, 0.765217]
13[[1.5235641292423372, 2.7710001468658447, 80.0], [0.0, 0.04618, 0.69565], 5, 0.763597]
14[[1.5111884370161361, 18.473000049591064, 70.0], [0.0, 0.30788, 0.6087], 6, 0.6326620000000001]
15[[1.6636513417049041, 23.70199990272522, 60.0], [0.0, 0.39503, 0.52174], 7, 0.60646]
16[[1.789405650958445, 35.37999987602234, 50.0], [0.0, 0.58967, 0.43478], 8, 0.515764]
17[[1.718057254368291, 42.5699999332428, 40.0], [0.0, 0.7095, 0.34783], 9, 0.469951]
18[[1.4963723610335786, 50.89299988746643, 30.0], [0.0, 0.84822, 0.26087], 10, 0.41280700000000004]
19[[28.650980442585325, 31.761000156402588, 20.0], [0.95182, 0.52935, 0.17391], 11, 0.5350349999999999]
20[[28.449818685031826, 43.89299988746643, 10.0], [0.94464, 0.73155, 0.08696], 12, 0.44051799999999997]
21[[28.843204240713757, 48.990999937057495, 0.0], [0.95869, 0.81652, 0.0], 13, 0.414219]
22[[1.5130000114440918, 0.0, 100.0], [0.0, 0.0, 0.86957], 3, 0.739129]
23[[1.4625899710573662, 0.0, 90.0], [0.0, 0.0, 0.78261], 4, 0.765217]
24[[1.7235851862984246, 3.2699999809265137, 80.0], [0.0, 0.0545, 0.69565], 5, 0.758605]
25[[1.4255963786392574, 5.4100000858306885, 70.0], [0.0, 0.09017, 0.6087], 6, 0.763288]
26[[1.6677753132557744, 23.89900016784668, 60.0], [0.0, 0.39832, 0.52174], 7, 0.6044860000000001]
27[[1.8238378016307608, 36.9520001411438, 50.0], [0.0, 0.61587, 0.43478], 8, 0.5000439999999999]
28[[1.7203341697549221, 43.020999908447266, 40.0], [0.0, 0.71702, 0.34783], 9, 0.46543900000000005]
29[[2.5630831423630713, 50.76300001144409, 30.0], [0.02011, 0.84605, 0.26087], 10, 0.4120980000000001]
30[[28.66195475296353, 33.84599995613098, 20.0], [0.95221, 0.5641, 0.17391], 11, 0.514146]
31[[28.4325881975392, 43.80900001525879, 10.0], [0.94402, 0.73015, 0.08696], 12, 0.44142000000000003]
32[[28.84233967301883, 47.48399996757507, 0.0], [0.95865, 0.7914, 0.0], 13, 0.429295]
